! OpenFAST Deterministic Wind File
#
# Comment lines begin with "!" or "#" or "%", then the data lines must contain the following columns:
#
# If there are only 8 columns, upflow is assumed to be 0.
#
# Parameters are interpolated linearly between time steps; using nearest neighbor before the first time 
# listed in this file and after the last time listed in the file. 
#
! Time     Wind    Wind    Vertical    Horiz.      Pwr.Law     Lin.Vert.   Gust     Upflow
!          Speed   Dir     Speed       Shear       Vert.Shr    Shear       Speed    Angle 
! (sec)    (m/s)   (Deg)   (m/s)                                            (m/s)   (deg)
0    5.04613393056313    0    0    0    0    0    0    0    
1    5.218421355253879    0    0    0    0    0    0    0    
2    4.877615549105892    0    0    0    0    0    0    0    
3    4.655720326212673    0    0    0    0    0    0    0    
4    4.630085991757648    0    0    0    0    0    0    0    
5    4.558647337684859    0    0    0    0    0    0    0    
6    4.955197019368235    0    0    0    0    0    0    0    
7    4.754333697960902    0    0    0    0    0    0    0    
8    5.043871315170387    0    0    0    0    0    0    0    
9    5.492229244028477    0    0    0    0    0    0    0    
10    4.650421444176341    0    0    0    0    0    0    0    
11    4.8803997253120555    0    0    0    0    0    0    0    
12    4.646007258827146    0    0    0    0    0    0    0    
13    5.076094364621066    0    0    0    0    0    0    0    
14    5.2412998732076765    0    0    0    0    0    0    0    
15    5.255417916950916    0    0    0    0    0    0    0    
16    4.655307750978066    0    0    0    0    0    0    0    
17    5.009430235369359    0    0    0    0    0    0    0    
18    4.620949025967075    0    0    0    0    0    0    0    
19    4.947693042527151    0    0    0    0    0    0    0    
20    4.807747752728405    0    0    0    0    0    0    0    
21    5.060813770341592    0    0    0    0    0    0    0    
22    4.641545450264741    0    0    0    0    0    0    0    
23    4.486520957573131    0    0    0    0    0    0    0    
24    5.529067450489269    0    0    0    0    0    0    0    
25    4.755214280696196    0    0    0    0    0    0    0    
26    4.8365681549994095    0    0    0    0    0    0    0    
27    5.119847681263433    0    0    0    0    0    0    0    
28    5.396316757180298    0    0    0    0    0    0    0    
29    5.193763205481343    0    0    0    0    0    0    0    
30    5.099061948111118    0    0    0    0    0    0    0    
31    4.96202555262292    0    0    0    0    0    0    0    
32    5.233874850519835    0    0    0    0    0    0    0    
33    5.254304729700777    0    0    0    0    0    0    0    
34    5.181834668775259    0    0    0    0    0    0    0    
35    4.8660238448096225    0    0    0    0    0    0    0    
36    4.818096798879989    0    0    0    0    0    0    0    
37    5.242074865945726    0    0    0    0    0    0    0    
38    5.279143234591002    0    0    0    0    0    0    0    
39    5.056760231945662    0    0    0    0    0    0    0    
40    5.096004427695956    0    0    0    0    0    0    0    
41    4.9735143098353305    0    0    0    0    0    0    0    
42    5.242954592368224    0    0    0    0    0    0    0    
43    4.770738290497804    0    0    0    0    0    0    0    
44    5.372303586933161    0    0    0    0    0    0    0    
45    5.100161667275085    0    0    0    0    0    0    0    
46    4.961639470811691    0    0    0    0    0    0    0    
47    5.021547408151435    0    0    0    0    0    0    0    
48    5.002360582602163    0    0    0    0    0    0    0    
49    4.8799728528652135    0    0    0    0    0    0    0    
50    5.100113945733077    0    0    0    0    0    0    0    
51    5.230878448865176    0    0    0    0    0    0    0    
52    5.116582628917499    0    0    0    0    0    0    0    
53    4.674935762702029    0    0    0    0    0    0    0    
54    5.170939399358772    0    0    0    0    0    0    0    
55    4.773838789525042    0    0    0    0    0    0    0    
56    5.0240487102248315    0    0    0    0    0    0    0    
57    4.735617454398807    0    0    0    0    0    0    0    
58    5.11877116122319    0    0    0    0    0    0    0    
59    5.09520259446202    0    0    0    0    0    0    0    
60    4.927898689262317    0    0    0    0    0    0    0    
61    5.08586972892465    0    0    0    0    0    0    0    
62    5.3002877994307855    0    0    0    0    0    0    0    
63    4.974575213663687    0    0    0    0    0    0    0    
64    4.554907837082793    0    0    0    0    0    0    0    
65    4.8746984994229265    0    0    0    0    0    0    0    
66    5.065040545439321    0    0    0    0    0    0    0    
67    5.194559422039958    0    0    0    0    0    0    0    
68    5.176636793814833    0    0    0    0    0    0    0    
69    4.968303427031777    0    0    0    0    0    0    0    
70    4.924935826282504    0    0    0    0    0    0    0    
71    4.910984873496945    0    0    0    0    0    0    0    
72    4.891714828583677    0    0    0    0    0    0    0    
73    5.265127242866003    0    0    0    0    0    0    0    
74    4.8038143496677375    0    0    0    0    0    0    0    
75    5.0143287256448845    0    0    0    0    0    0    0    
76    4.784936506872995    0    0    0    0    0    0    0    
77    4.816409871826862    0    0    0    0    0    0    0    
78    5.369843107786222    0    0    0    0    0    0    0    
79    5.098633011974215    0    0    0    0    0    0    0    
80    4.581619575266271    0    0    0    0    0    0    0    
81    4.986794063385354    0    0    0    0    0    0    0    
82    4.847657470509683    0    0    0    0    0    0    0    
83    4.869314265863124    0    0    0    0    0    0    0    
84    5.019705010791637    0    0    0    0    0    0    0    
85    4.710167422851645    0    0    0    0    0    0    0    
86    4.956112058076136    0    0    0    0    0    0    0    
87    5.012304845927149    0    0    0    0    0    0    0    
88    5.0261076208591335    0    0    0    0    0    0    0    
89    4.895154311823584    0    0    0    0    0    0    0    
90    4.816584881685288    0    0    0    0    0    0    0    
91    5.172754336715043    0    0    0    0    0    0    0    
92    5.1440486065831985    0    0    0    0    0    0    0    
93    5.327697712044544    0    0    0    0    0    0    0    
94    5.105883394364445    0    0    0    0    0    0    0    
95    4.93895329998044    0    0    0    0    0    0    0    
96    4.881090397047724    0    0    0    0    0    0    0    
97    5.0895123601339325    0    0    0    0    0    0    0    
98    5.132241823395193    0    0    0    0    0    0    0    
99    5.00086676545625    0    0    0    0    0    0    0    
100    5.1495566391415055    0    0    0    0    0    0    0    
101    4.682666200570078    0    0    0    0    0    0    0    
102    5.309506302092862    0    0    0    0    0    0    0    
103    4.964122482491255    0    0    0    0    0    0    0    
104    4.785501077348035    0    0    0    0    0    0    0    
105    5.120836530023054    0    0    0    0    0    0    0    
106    5.178535744405676    0    0    0    0    0    0    0    
107    5.1112546962707075    0    0    0    0    0    0    0    
108    5.14754811416558    0    0    0    0    0    0    0    
109    5.0656895274542935    0    0    0    0    0    0    0    
110    4.79656561968694    0    0    0    0    0    0    0    
111    4.935264230605317    0    0    0    0    0    0    0    
112    5.07574699027491    0    0    0    0    0    0    0    
113    5.12396980836306    0    0    0    0    0    0    0    
114    5.302274560949611    0    0    0    0    0    0    0    
115    5.307186350932655    0    0    0    0    0    0    0    
116    4.892809116158078    0    0    0    0    0    0    0    
117    5.537189816154301    0    0    0    0    0    0    0    
118    5.406787352571244    0    0    0    0    0    0    0    
119    4.9092751664310095    0    0    0    0    0    0    0    
120    4.943499801031067    0    0    0    0    0    0    0    
121    5.116969856119848    0    0    0    0    0    0    0    
122    4.961212336406619    0    0    0    0    0    0    0    
123    4.801943829405758    0    0    0    0    0    0    0    
124    5.163158167634218    0    0    0    0    0    0    0    
125    4.854430227641574    0    0    0    0    0    0    0    
126    4.799585523660987    0    0    0    0    0    0    0    
127    4.990071017242752    0    0    0    0    0    0    0    
128    4.75651007602041    0    0    0    0    0    0    0    
129    5.085145441742203    0    0    0    0    0    0    0    
130    4.896152503805722    0    0    0    0    0    0    0    
131    4.957961439547637    0    0    0    0    0    0    0    
132    5.082018840024251    0    0    0    0    0    0    0    
133    5.056899172312669    0    0    0    0    0    0    0    
134    5.157215910401222    0    0    0    0    0    0    0    
135    5.091388506477244    0    0    0    0    0    0    0    
136    4.972836403994923    0    0    0    0    0    0    0    
137    4.958176247101108    0    0    0    0    0    0    0    
138    5.32419715191652    0    0    0    0    0    0    0    
139    4.89675904999342    0    0    0    0    0    0    0    
140    5.324369448076884    0    0    0    0    0    0    0    
141    5.2029464455181245    0    0    0    0    0    0    0    
142    5.106700705343831    0    0    0    0    0    0    0    
143    5.213638601328757    0    0    0    0    0    0    0    
144    4.923704360526686    0    0    0    0    0    0    0    
145    4.756077736826379    0    0    0    0    0    0    0    
146    4.857091852059916    0    0    0    0    0    0    0    
147    4.615983169081183    0    0    0    0    0    0    0    
148    5.023242269593883    0    0    0    0    0    0    0    
149    5.103428519922735    0    0    0    0    0    0    0    
150    4.642616085579892    0    0    0    0    0    0    0    
151    5.3182979215970665    0    0    0    0    0    0    0    
152    4.910408401088036    0    0    0    0    0    0    0    
153    5.170720796499034    0    0    0    0    0    0    0    
154    5.1186286694437495    0    0    0    0    0    0    0    
155    5.1674610803343155    0    0    0    0    0    0    0    
156    5.024378560822901    0    0    0    0    0    0    0    
157    4.930456791274661    0    0    0    0    0    0    0    
158    4.955431964431079    0    0    0    0    0    0    0    
159    4.992718301834946    0    0    0    0    0    0    0    
160    4.783644511503789    0    0    0    0    0    0    0    
161    4.9540554675633866    0    0    0    0    0    0    0    
162    4.597214480998531    0    0    0    0    0    0    0    
163    5.413450078789119    0    0    0    0    0    0    0    
164    4.961427801792053    0    0    0    0    0    0    0    
165    5.081789457767513    0    0    0    0    0    0    0    
166    5.040859533392481    0    0    0    0    0    0    0    
167    5.4789324528743375    0    0    0    0    0    0    0    
168    5.307604474268247    0    0    0    0    0    0    0    
169    5.029288684654839    0    0    0    0    0    0    0    
170    4.725263134521375    0    0    0    0    0    0    0    
171    4.866935782548632    0    0    0    0    0    0    0    
172    4.961290344796165    0    0    0    0    0    0    0    
173    4.670596124035532    0    0    0    0    0    0    0    
174    4.585553812225808    0    0    0    0    0    0    0    
175    5.275286549385736    0    0    0    0    0    0    0    
176    4.783593551218923    0    0    0    0    0    0    0    
177    5.020244185050827    0    0    0    0    0    0    0    
178    4.990513593651773    0    0    0    0    0    0    0    
179    4.801882229474444    0    0    0    0    0    0    0    
180    4.893268279949409    0    0    0    0    0    0    0    
181    4.805872898620671    0    0    0    0    0    0    0    
182    5.045377415345694    0    0    0    0    0    0    0    
183    4.928240205399499    0    0    0    0    0    0    0    
184    5.232404611253121    0    0    0    0    0    0    0    
185    5.148814256361399    0    0    0    0    0    0    0    
186    4.841025817537057    0    0    0    0    0    0    0    
187    5.178214582398213    0    0    0    0    0    0    0    
188    4.8035256866179274    0    0    0    0    0    0    0    
189    5.298289201344443    0    0    0    0    0    0    0    
190    5.221554492439406    0    0    0    0    0    0    0    
191    4.925653809076245    0    0    0    0    0    0    0    
192    5.506937284886325    0    0    0    0    0    0    0    
193    4.805166578082871    0    0    0    0    0    0    0    
194    4.879737783265401    0    0    0    0    0    0    0    
195    5.043199207613147    0    0    0    0    0    0    0    
196    5.009325969518359    0    0    0    0    0    0    0    
197    4.93935576043246    0    0    0    0    0    0    0    
198    4.9748606338579044    0    0    0    0    0    0    0    
199    5.297249784741375    0    0    0    0    0    0    0    
200    4.654988039365917    0    0    0    0    0    0    0    
201    5.101476939483041    0    0    0    0    0    0    0    
202    4.757436599044038    0    0    0    0    0    0    0    
203    4.961872633830931    0    0    0    0    0    0    0    
204    4.809907224877519    0    0    0    0    0    0    0    
205    4.7190193771241    0    0    0    0    0    0    0    
206    5.361775859903293    0    0    0    0    0    0    0    
207    5.095161771221559    0    0    0    0    0    0    0    
208    4.970930655264916    0    0    0    0    0    0    0    
209    4.806710224944611    0    0    0    0    0    0    0    
210    4.7677572849796075    0    0    0    0    0    0    0    
211    4.839517365226915    0    0    0    0    0    0    0    
212    4.8614171806084725    0    0    0    0    0    0    0    
213    4.976090280342577    0    0    0    0    0    0    0    
214    5.034646291074861    0    0    0    0    0    0    0    
215    4.991265394767682    0    0    0    0    0    0    0    
216    4.859433523052024    0    0    0    0    0    0    0    
217    5.086818852507357    0    0    0    0    0    0    0    
218    4.802223460837239    0    0    0    0    0    0    0    
219    4.9959819730530235    0    0    0    0    0    0    0    
220    4.8788687529906545    0    0    0    0    0    0    0    
221    4.544540637578867    0    0    0    0    0    0    0    
222    4.950160420286081    0    0    0    0    0    0    0    
223    5.300353028048548    0    0    0    0    0    0    0    
224    4.704722355253176    0    0    0    0    0    0    0    
225    5.027115103140553    0    0    0    0    0    0    0    
226    5.1986820557631255    0    0    0    0    0    0    0    
227    5.319183064964224    0    0    0    0    0    0    0    
228    4.873132783140047    0    0    0    0    0    0    0    
229    5.132445845906515    0    0    0    0    0    0    0    
230    4.953913208068184    0    0    0    0    0    0    0    
231    4.859237290493873    0    0    0    0    0    0    0    
232    5.05349927864888    0    0    0    0    0    0    0    
233    5.064266194431603    0    0    0    0    0    0    0    
234    4.846606966565859    0    0    0    0    0    0    0    
235    5.076439338852468    0    0    0    0    0    0    0    
236    4.947910162808714    0    0    0    0    0    0    0    
237    5.272506485009498    0    0    0    0    0    0    0    
238    5.104006209223367    0    0    0    0    0    0    0    
239    4.926422422314145    0    0    0    0    0    0    0    
240    4.951680635517486    0    0    0    0    0    0    0    
241    4.996277068026629    0    0    0    0    0    0    0    
242    4.68900239241464    0    0    0    0    0    0    0    
243    4.94254727318831    0    0    0    0    0    0    0    
244    5.007580881389562    0    0    0    0    0    0    0    
245    4.850215427850357    0    0    0    0    0    0    0    
246    5.237871805844792    0    0    0    0    0    0    0    
247    5.080473752033016    0    0    0    0    0    0    0    
248    4.747860798125493    0    0    0    0    0    0    0    
249    5.0358405509016855    0    0    0    0    0    0    0    
250    4.935785101831087    0    0    0    0    0    0    0    
251    5.285371993899972    0    0    0    0    0    0    0    
252    5.133513638138133    0    0    0    0    0    0    0    
253    5.3573616298322975    0    0    0    0    0    0    0    
254    5.148031809062052    0    0    0    0    0    0    0    
255    5.0829365390008885    0    0    0    0    0    0    0    
256    4.653017100705093    0    0    0    0    0    0    0    
257    5.242728568683402    0    0    0    0    0    0    0    
258    4.986474379553511    0    0    0    0    0    0    0    
259    4.785023827144457    0    0    0    0    0    0    0    
260    4.917091598142956    0    0    0    0    0    0    0    
261    4.87332027941741    0    0    0    0    0    0    0    
262    4.942552555492474    0    0    0    0    0    0    0    
263    5.321489289391091    0    0    0    0    0    0    0    
264    5.067058408764591    0    0    0    0    0    0    0    
265    4.9388926454029445    0    0    0    0    0    0    0    
266    5.395099486198716    0    0    0    0    0    0    0    
267    5.301664413485132    0    0    0    0    0    0    0    
268    5.221126684185893    0    0    0    0    0    0    0    
269    5.018077390587633    0    0    0    0    0    0    0    
270    5.316750026116995    0    0    0    0    0    0    0    
271    4.890595596032166    0    0    0    0    0    0    0    
272    4.893318304293979    0    0    0    0    0    0    0    
273    4.8635856331189915    0    0    0    0    0    0    0    
274    5.23172618382339    0    0    0    0    0    0    0    
275    5.031368782929001    0    0    0    0    0    0    0    
276    4.783036712341914    0    0    0    0    0    0    0    
277    4.97164220021412    0    0    0    0    0    0    0    
278    4.796726714879462    0    0    0    0    0    0    0    
279    5.332703355193058    0    0    0    0    0    0    0    
280    5.0786768338053365    0    0    0    0    0    0    0    
281    4.756868709980458    0    0    0    0    0    0    0    
282    4.402306242603093    0    0    0    0    0    0    0    
283    5.250421981611428    0    0    0    0    0    0    0    
284    4.911145605597938    0    0    0    0    0    0    0    
285    4.936897953367069    0    0    0    0    0    0    0    
286    4.9642073413237116    0    0    0    0    0    0    0    
287    5.301368123903736    0    0    0    0    0    0    0    
288    4.906602749699703    0    0    0    0    0    0    0    
289    4.749757061013753    0    0    0    0    0    0    0    
290    4.931626546229012    0    0    0    0    0    0    0    
291    4.914565050993989    0    0    0    0    0    0    0    
292    4.867226190132219    0    0    0    0    0    0    0    
293    4.818700040541305    0    0    0    0    0    0    0    
294    5.083349398474203    0    0    0    0    0    0    0    
295    5.052588811996091    0    0    0    0    0    0    0    
296    5.311740953707861    0    0    0    0    0    0    0    
297    4.960952116064998    0    0    0    0    0    0    0    
298    4.992040722197186    0    0    0    0    0    0    0    
299    5.274549874765646    0    0    0    0    0    0    0    
300    4.976032413672933    0    0    0    0    0    0    0    
301    4.84076697682214    0    0    0    0    0    0    0    
302    5.097537088158862    0    0    0    0    0    0    0    
303    4.93387949000077    0    0    0    0    0    0    0    
304    5.111146255599253    0    0    0    0    0    0    0    
305    5.00841106519608    0    0    0    0    0    0    0    
306    5.197859442704578    0    0    0    0    0    0    0    
307    5.090969412712908    0    0    0    0    0    0    0    
308    5.036376239656005    0    0    0    0    0    0    0    
309    5.00471861275151    0    0    0    0    0    0    0    
310    4.990459188312413    0    0    0    0    0    0    0    
311    4.998516062673975    0    0    0    0    0    0    0    
312    5.046557919686973    0    0    0    0    0    0    0    
313    4.696249877500483    0    0    0    0    0    0    0    
314    4.905504199558686    0    0    0    0    0    0    0    
315    4.880915637053089    0    0    0    0    0    0    0    
316    4.948609329243582    0    0    0    0    0    0    0    
317    4.932658149038351    0    0    0    0    0    0    0    
318    5.052137546109582    0    0    0    0    0    0    0    
319    4.8007530253968005    0    0    0    0    0    0    0    
320    4.931887331516622    0    0    0    0    0    0    0    
321    4.862612774078669    0    0    0    0    0    0    0    
322    5.09602067109541    0    0    0    0    0    0    0    
323    5.130719279104267    0    0    0    0    0    0    0    
324    5.046545431625488    0    0    0    0    0    0    0    
325    5.103752718369982    0    0    0    0    0    0    0    
326    5.010172940682167    0    0    0    0    0    0    0    
327    4.938597509769208    0    0    0    0    0    0    0    
328    4.840577027851864    0    0    0    0    0    0    0    
329    4.795068474984565    0    0    0    0    0    0    0    
330    4.925677302692938    0    0    0    0    0    0    0    
331    4.922492054055047    0    0    0    0    0    0    0    
332    4.926431687136354    0    0    0    0    0    0    0    
333    5.161476125488423    0    0    0    0    0    0    0    
334    5.056572073137243    0    0    0    0    0    0    0    
335    4.727264287108998    0    0    0    0    0    0    0    
336    4.866679952171551    0    0    0    0    0    0    0    
337    5.24284596878341    0    0    0    0    0    0    0    
338    4.905228561280314    0    0    0    0    0    0    0    
339    5.302788704412769    0    0    0    0    0    0    0    
340    5.3699568707948515    0    0    0    0    0    0    0    
341    4.859790947272751    0    0    0    0    0    0    0    
342    4.886038435239227    0    0    0    0    0    0    0    
343    4.7613115388095    0    0    0    0    0    0    0    
344    4.753474795718763    0    0    0    0    0    0    0    
345    4.92308883675386    0    0    0    0    0    0    0    
346    5.160859718366259    0    0    0    0    0    0    0    
347    4.98071149312634    0    0    0    0    0    0    0    
348    4.621594940119985    0    0    0    0    0    0    0    
349    5.157932927001786    0    0    0    0    0    0    0    
350    5.235264616476049    0    0    0    0    0    0    0    
351    5.042772440740408    0    0    0    0    0    0    0    
352    5.0643722297272875    0    0    0    0    0    0    0    
353    4.868106925507293    0    0    0    0    0    0    0    
354    4.791488392519594    0    0    0    0    0    0    0    
355    5.257759633204475    0    0    0    0    0    0    0    
356    4.8758153436635325    0    0    0    0    0    0    0    
357    4.971434336453755    0    0    0    0    0    0    0    
358    5.1889995483468825    0    0    0    0    0    0    0    
359    5.1482726864110315    0    0    0    0    0    0    0    
360    4.913711795381376    0    0    0    0    0    0    0    
361    4.711423986762927    0    0    0    0    0    0    0    
362    4.814972859340018    0    0    0    0    0    0    0    
363    4.848837716606627    0    0    0    0    0    0    0    
364    5.1452294855415195    0    0    0    0    0    0    0    
365    4.854405750479387    0    0    0    0    0    0    0    
366    4.92237553231437    0    0    0    0    0    0    0    
367    5.210050958615111    0    0    0    0    0    0    0    
368    5.109994287934505    0    0    0    0    0    0    0    
369    4.918738398123473    0    0    0    0    0    0    0    
370    5.160781349490163    0    0    0    0    0    0    0    
371    4.85904853686251    0    0    0    0    0    0    0    
372    5.040145374736362    0    0    0    0    0    0    0    
373    5.405523791661873    0    0    0    0    0    0    0    
374    5.141734832717451    0    0    0    0    0    0    0    
375    5.08150443489622    0    0    0    0    0    0    0    
376    5.060833871817815    0    0    0    0    0    0    0    
377    5.086632380761    0    0    0    0    0    0    0    
378    5.0667979397350695    0    0    0    0    0    0    0    
379    4.75944603854017    0    0    0    0    0    0    0    
380    5.103486657755209    0    0    0    0    0    0    0    
381    4.987011315514362    0    0    0    0    0    0    0    
382    5.0523357340318835    0    0    0    0    0    0    0    
383    5.25898540172337    0    0    0    0    0    0    0    
384    4.958194543749117    0    0    0    0    0    0    0    
385    4.858210436867781    0    0    0    0    0    0    0    
386    5.24447938949592    0    0    0    0    0    0    0    
387    5.2053967896751    0    0    0    0    0    0    0    
388    4.971349740234338    0    0    0    0    0    0    0    
389    4.974345718575325    0    0    0    0    0    0    0    
390    4.968155216070189    0    0    0    0    0    0    0    
391    4.968883090057553    0    0    0    0    0    0    0    
392    5.177490257079257    0    0    0    0    0    0    0    
393    4.7382471891150795    0    0    0    0    0    0    0    
394    4.837550041498491    0    0    0    0    0    0    0    
395    5.312805789005451    0    0    0    0    0    0    0    
396    5.191133016176818    0    0    0    0    0    0    0    
397    5.221715586966713    0    0    0    0    0    0    0    
398    4.970500353473537    0    0    0    0    0    0    0    
399    5.043382850145987    0    0    0    0    0    0    0    
400    5.195673677753777    0    0    0    0    0    0    0    
401    5.119923089594376    0    0    0    0    0    0    0    
402    4.708081832250718    0    0    0    0    0    0    0    
403    4.650554628402448    0    0    0    0    0    0    0    
404    4.743325465675147    0    0    0    0    0    0    0    
405    4.942692489830004    0    0    0    0    0    0    0    
406    4.931449263503237    0    0    0    0    0    0    0    
407    4.9154659159783485    0    0    0    0    0    0    0    
408    4.910644231315104    0    0    0    0    0    0    0    
409    5.163667150499448    0    0    0    0    0    0    0    
410    4.958528234417388    0    0    0    0    0    0    0    
411    5.255451864568975    0    0    0    0    0    0    0    
412    5.386942895931579    0    0    0    0    0    0    0    
413    4.917811118569638    0    0    0    0    0    0    0    
414    4.733960673930212    0    0    0    0    0    0    0    
415    5.034565193040148    0    0    0    0    0    0    0    
416    4.854976979308666    0    0    0    0    0    0    0    
417    5.1109209378507865    0    0    0    0    0    0    0    
418    4.799034631859811    0    0    0    0    0    0    0    
419    5.277271597425835    0    0    0    0    0    0    0    
420    4.777251662172658    0    0    0    0    0    0    0    
421    5.292318898240681    0    0    0    0    0    0    0    
422    5.261152400703434    0    0    0    0    0    0    0    
423    4.879586253874287    0    0    0    0    0    0    0    
424    4.918021320470986    0    0    0    0    0    0    0    
425    4.693641726529718    0    0    0    0    0    0    0    
426    5.0678957586754    0    0    0    0    0    0    0    
427    4.719313944956507    0    0    0    0    0    0    0    
428    5.280247384383372    0    0    0    0    0    0    0    
429    5.057839396946367    0    0    0    0    0    0    0    
430    4.980480100244093    0    0    0    0    0    0    0    
431    4.7210159806906455    0    0    0    0    0    0    0    
432    5.364798468850342    0    0    0    0    0    0    0    
433    5.278191122223769    0    0    0    0    0    0    0    
434    4.886488235246827    0    0    0    0    0    0    0    
435    4.946849942524372    0    0    0    0    0    0    0    
436    4.927209163479704    0    0    0    0    0    0    0    
437    5.219837497116321    0    0    0    0    0    0    0    
438    5.109195662075379    0    0    0    0    0    0    0    
439    5.0252966264117545    0    0    0    0    0    0    0    
440    4.763181366370354    0    0    0    0    0    0    0    
441    4.705590440784425    0    0    0    0    0    0    0    
442    4.940675756507527    0    0    0    0    0    0    0    
443    4.922578705049357    0    0    0    0    0    0    0    
444    5.036976203509441    0    0    0    0    0    0    0    
445    5.168594908378459    0    0    0    0    0    0    0    
446    5.172340500390474    0    0    0    0    0    0    0    
447    5.236417576971119    0    0    0    0    0    0    0    
448    4.9940855605273535    0    0    0    0    0    0    0    
449    5.218993457565987    0    0    0    0    0    0    0    
450    4.882726192404247    0    0    0    0    0    0    0    
451    5.008381952728315    0    0    0    0    0    0    0    
452    5.021630509155019    0    0    0    0    0    0    0    
453    4.880445414579209    0    0    0    0    0    0    0    
454    4.976830544902928    0    0    0    0    0    0    0    
455    4.979858164714753    0    0    0    0    0    0    0    
456    5.174492660420166    0    0    0    0    0    0    0    
457    4.74897828093373    0    0    0    0    0    0    0    
458    5.4715180530905885    0    0    0    0    0    0    0    
459    4.879704643975192    0    0    0    0    0    0    0    
460    4.9181797290066545    0    0    0    0    0    0    0    
461    4.691258275793267    0    0    0    0    0    0    0    
462    4.811468337777798    0    0    0    0    0    0    0    
463    5.133787342112391    0    0    0    0    0    0    0    
464    5.025629306834213    0    0    0    0    0    0    0    
465    5.191326891553009    0    0    0    0    0    0    0    
466    5.34388424556246    0    0    0    0    0    0    0    
467    4.866545345414415    0    0    0    0    0    0    0    
468    5.200311778745245    0    0    0    0    0    0    0    
469    5.344123721091496    0    0    0    0    0    0    0    
470    4.876049096972555    0    0    0    0    0    0    0    
471    5.084523538834526    0    0    0    0    0    0    0    
472    5.195191444848133    0    0    0    0    0    0    0    
473    5.008830413319444    0    0    0    0    0    0    0    
474    4.799163632095273    0    0    0    0    0    0    0    
475    5.100055726447341    0    0    0    0    0    0    0    
476    5.11882987190488    0    0    0    0    0    0    0    
477    4.904283886651325    0    0    0    0    0    0    0    
478    4.860673340659953    0    0    0    0    0    0    0    
479    4.464394716312084    0    0    0    0    0    0    0    
480    5.019355987781772    0    0    0    0    0    0    0    
481    5.371984868788286    0    0    0    0    0    0    0    
482    4.850551590593038    0    0    0    0    0    0    0    
483    4.660724602932856    0    0    0    0    0    0    0    
484    5.143488471450476    0    0    0    0    0    0    0    
485    5.08210118603993    0    0    0    0    0    0    0    
486    4.952807213811474    0    0    0    0    0    0    0    
487    5.2555916733951324    0    0    0    0    0    0    0    
488    4.495857601492423    0    0    0    0    0    0    0    
489    5.082368763703756    0    0    0    0    0    0    0    
490    4.766542321598382    0    0    0    0    0    0    0    
491    5.259195716574588    0    0    0    0    0    0    0    
492    4.485917417017174    0    0    0    0    0    0    0    
493    5.051631395659389    0    0    0    0    0    0    0    
494    4.984911314530322    0    0    0    0    0    0    0    
495    5.099674170190273    0    0    0    0    0    0    0    
496    5.41070308288228    0    0    0    0    0    0    0    
497    4.825190544930339    0    0    0    0    0    0    0    
498    5.143316958233813    0    0    0    0    0    0    0    
499    5.111793368698323    0    0    0    0    0    0    0    
500    4.632820883392277    0    0    0    0    0    0    0    
501    4.725193592852255    0    0    0    0    0    0    0    
502    4.649960747387375    0    0    0    0    0    0    0    
503    5.175448727181207    0    0    0    0    0    0    0    
504    4.790728247177697    0    0    0    0    0    0    0    
505    4.854005194952584    0    0    0    0    0    0    0    
506    4.599769137775264    0    0    0    0    0    0    0    
507    4.941632035557853    0    0    0    0    0    0    0    
508    4.743105812812851    0    0    0    0    0    0    0    
509    4.980895212275698    0    0    0    0    0    0    0    
510    5.228694762269942    0    0    0    0    0    0    0    
511    5.038768003538282    0    0    0    0    0    0    0    
512    4.974120210628042    0    0    0    0    0    0    0    
513    5.296687533541991    0    0    0    0    0    0    0    
514    4.929298647129711    0    0    0    0    0    0    0    
515    5.018630566874978    0    0    0    0    0    0    0    
516    5.288937507567821    0    0    0    0    0    0    0    
517    4.77296477812422    0    0    0    0    0    0    0    
518    5.317143295480916    0    0    0    0    0    0    0    
519    4.833045753169019    0    0    0    0    0    0    0    
520    5.114621191621742    0    0    0    0    0    0    0    
521    5.259762464601808    0    0    0    0    0    0    0    
522    5.149456066207151    0    0    0    0    0    0    0    
523    4.986134153392285    0    0    0    0    0    0    0    
524    4.7529731236275925    0    0    0    0    0    0    0    
525    5.367947257176543    0    0    0    0    0    0    0    
526    5.25539388508359    0    0    0    0    0    0    0    
527    5.219436133401612    0    0    0    0    0    0    0    
528    4.771779004794113    0    0    0    0    0    0    0    
529    4.758398139850812    0    0    0    0    0    0    0    
530    5.159050583510951    0    0    0    0    0    0    0    
531    4.879464122744686    0    0    0    0    0    0    0    
532    5.002955652107088    0    0    0    0    0    0    0    
533    4.937509780165632    0    0    0    0    0    0    0    
534    4.846116161977983    0    0    0    0    0    0    0    
535    4.940563604751557    0    0    0    0    0    0    0    
536    5.07005666137554    0    0    0    0    0    0    0    
537    4.7604483989962585    0    0    0    0    0    0    0    
538    4.9996958830535885    0    0    0    0    0    0    0    
539    5.12325638396771    0    0    0    0    0    0    0    
540    4.816348913806448    0    0    0    0    0    0    0    
541    4.907371147721999    0    0    0    0    0    0    0    
542    4.87194255500179    0    0    0    0    0    0    0    
543    4.803120342209676    0    0    0    0    0    0    0    
544    5.144609438392263    0    0    0    0    0    0    0    
545    4.653579726707068    0    0    0    0    0    0    0    
546    4.916820125815661    0    0    0    0    0    0    0    
547    5.330600435951603    0    0    0    0    0    0    0    
548    4.949634426494271    0    0    0    0    0    0    0    
549    5.14755030012583    0    0    0    0    0    0    0    
550    5.0644262143269305    0    0    0    0    0    0    0    
551    4.911397541409592    0    0    0    0    0    0    0    
552    4.816340605769308    0    0    0    0    0    0    0    
553    5.330657550029082    0    0    0    0    0    0    0    
554    4.888090268705329    0    0    0    0    0    0    0    
555    4.966178035450996    0    0    0    0    0    0    0    
556    5.210915368499409    0    0    0    0    0    0    0    
557    4.726124327831999    0    0    0    0    0    0    0    
558    4.892987129546474    0    0    0    0    0    0    0    
559    4.946183627580861    0    0    0    0    0    0    0    
560    5.018624823746922    0    0    0    0    0    0    0    
561    5.125742928914639    0    0    0    0    0    0    0    
562    4.98660438814429    0    0    0    0    0    0    0    
563    5.411965784908637    0    0    0    0    0    0    0    
564    5.112387198817181    0    0    0    0    0    0    0    
565    4.914195134155034    0    0    0    0    0    0    0    
566    5.009586996370956    0    0    0    0    0    0    0    
567    4.980075162739756    0    0    0    0    0    0    0    
568    4.728118136868941    0    0    0    0    0    0    0    
569    4.890560145297608    0    0    0    0    0    0    0    
570    5.113935405215954    0    0    0    0    0    0    0    
571    4.997013125732952    0    0    0    0    0    0    0    
572    4.98740116390766    0    0    0    0    0    0    0    
573    5.137297998176284    0    0    0    0    0    0    0    
574    5.124784782495121    0    0    0    0    0    0    0    
575    4.756814776930097    0    0    0    0    0    0    0    
576    4.95697765257364    0    0    0    0    0    0    0    
577    4.885833212757432    0    0    0    0    0    0    0    
578    4.96423458490574    0    0    0    0    0    0    0    
579    5.018574040384129    0    0    0    0    0    0    0    
580    5.270829552756704    0    0    0    0    0    0    0    
581    4.992210706083169    0    0    0    0    0    0    0    
582    5.057967869716121    0    0    0    0    0    0    0    
583    4.933845765171546    0    0    0    0    0    0    0    
584    4.950156674295551    0    0    0    0    0    0    0    
585    5.318596732193511    0    0    0    0    0    0    0    
586    5.2187415604955    0    0    0    0    0    0    0    
587    4.956888359251008    0    0    0    0    0    0    0    
588    5.137003313922864    0    0    0    0    0    0    0    
589    5.098120497522456    0    0    0    0    0    0    0    
590    4.704803753273683    0    0    0    0    0    0    0    
591    5.271333996436161    0    0    0    0    0    0    0    
592    4.824321267851255    0    0    0    0    0    0    0    
593    5.163194052313578    0    0    0    0    0    0    0    
594    5.550791810095244    0    0    0    0    0    0    0    
595    5.117043728267553    0    0    0    0    0    0    0    
596    5.023393813123492    0    0    0    0    0    0    0    
597    4.816382028528186    0    0    0    0    0    0    0    
598    5.058126918509147    0    0    0    0    0    0    0    
599    4.983297146733019    0    0    0    0    0    0    0    