! OpenFAST Deterministic Wind File
#
# Comment lines begin with "!" or "#" or "%", then the data lines must contain the following columns:
#
# If there are only 8 columns, upflow is assumed to be 0.
#
# Parameters are interpolated linearly between time steps; using nearest neighbor before the first time 
# listed in this file and after the last time listed in the file. 
#
! Time     Wind    Wind    Vertical    Horiz.      Pwr.Law     Lin.Vert.   Gust     Upflow
!          Speed   Dir     Speed       Shear       Vert.Shr    Shear       Speed    Angle 
! (sec)    (m/s)   (Deg)   (m/s)                                            (m/s)   (deg)
0    11.18098716384193    0    0    0    0    0    0    0    
1    10.324770173598756    0    0    0    0    0    0    0    
2    12.469982600813314    0    0    0    0    0    0    0    
3    10.854663118231379    0    0    0    0    0    0    0    
4    10.966078766119066    0    0    0    0    0    0    0    
5    10.904045937349547    0    0    0    0    0    0    0    
6    11.490423432813119    0    0    0    0    0    0    0    
7    11.24142077113859    0    0    0    0    0    0    0    
8    11.785358662189855    0    0    0    0    0    0    0    
9    11.64888883932282    0    0    0    0    0    0    0    
10    11.185202287943005    0    0    0    0    0    0    0    
11    11.72718733246244    0    0    0    0    0    0    0    
12    10.626694129100944    0    0    0    0    0    0    0    
13    11.046094256889253    0    0    0    0    0    0    0    
14    10.926449095994853    0    0    0    0    0    0    0    
15    11.546251001433017    0    0    0    0    0    0    0    
16    11.154640632742282    0    0    0    0    0    0    0    
17    11.181884448835092    0    0    0    0    0    0    0    
18    11.13081962981124    0    0    0    0    0    0    0    
19    11.129642190535268    0    0    0    0    0    0    0    
20    10.659677687077389    0    0    0    0    0    0    0    
21    11.029615068744857    0    0    0    0    0    0    0    
22    10.871219914420946    0    0    0    0    0    0    0    
23    12.167902702570792    0    0    0    0    0    0    0    
24    11.347365599845178    0    0    0    0    0    0    0    
25    10.795893099381955    0    0    0    0    0    0    0    
26    11.501710808520343    0    0    0    0    0    0    0    
27    10.870166790297516    0    0    0    0    0    0    0    
28    10.396812954034278    0    0    0    0    0    0    0    
29    11.297523265454176    0    0    0    0    0    0    0    
30    11.485821857748927    0    0    0    0    0    0    0    
31    10.01463054313307    0    0    0    0    0    0    0    
32    11.212371285676847    0    0    0    0    0    0    0    
33    11.061098066000314    0    0    0    0    0    0    0    
34    10.992273883448565    0    0    0    0    0    0    0    
35    12.030833794203874    0    0    0    0    0    0    0    
36    10.800970636718098    0    0    0    0    0    0    0    
37    11.431673523355705    0    0    0    0    0    0    0    
38    11.190275537137518    0    0    0    0    0    0    0    
39    11.160869582049266    0    0    0    0    0    0    0    
40    11.05599495722286    0    0    0    0    0    0    0    
41    10.759888217178142    0    0    0    0    0    0    0    
42    10.779240658625193    0    0    0    0    0    0    0    
43    11.761724250510522    0    0    0    0    0    0    0    
44    10.347926580341777    0    0    0    0    0    0    0    
45    11.801989559088852    0    0    0    0    0    0    0    
46    11.488748319738592    0    0    0    0    0    0    0    
47    10.5305148173638    0    0    0    0    0    0    0    
48    11.565829082351623    0    0    0    0    0    0    0    
49    10.99967344310318    0    0    0    0    0    0    0    
50    10.798021188453554    0    0    0    0    0    0    0    
51    11.261454267713601    0    0    0    0    0    0    0    
52    11.435326655611476    0    0    0    0    0    0    0    
53    10.853849643475911    0    0    0    0    0    0    0    
54    10.789992856740566    0    0    0    0    0    0    0    
55    11.490605105342906    0    0    0    0    0    0    0    
56    11.414616868694303    0    0    0    0    0    0    0    
57    11.307589280183002    0    0    0    0    0    0    0    
58    11.565162745141599    0    0    0    0    0    0    0    
59    10.567713952329628    0    0    0    0    0    0    0    
60    9.95006055715146    0    0    0    0    0    0    0    
61    11.387775212677752    0    0    0    0    0    0    0    
62    10.59835569060244    0    0    0    0    0    0    0    
63    11.727250819935021    0    0    0    0    0    0    0    
64    10.791933447169791    0    0    0    0    0    0    0    
65    11.451846590242285    0    0    0    0    0    0    0    
66    11.016416388695276    0    0    0    0    0    0    0    
67    10.885630367211563    0    0    0    0    0    0    0    
68    10.829801614042646    0    0    0    0    0    0    0    
69    11.256906070745535    0    0    0    0    0    0    0    
70    10.490831006938668    0    0    0    0    0    0    0    
71    10.696716785329501    0    0    0    0    0    0    0    
72    10.077918638535163    0    0    0    0    0    0    0    
73    11.019237255631664    0    0    0    0    0    0    0    
74    11.548810124155889    0    0    0    0    0    0    0    
75    11.522258829498034    0    0    0    0    0    0    0    
76    10.758152677980132    0    0    0    0    0    0    0    
77    10.700330555538141    0    0    0    0    0    0    0    
78    10.7790832222687    0    0    0    0    0    0    0    
79    10.822766116118224    0    0    0    0    0    0    0    
80    11.486016155153292    0    0    0    0    0    0    0    
81    11.086648764622478    0    0    0    0    0    0    0    
82    11.98937386589939    0    0    0    0    0    0    0    
83    9.970959265198998    0    0    0    0    0    0    0    
84    11.062438025116183    0    0    0    0    0    0    0    
85    11.03021234034318    0    0    0    0    0    0    0    
86    12.06329813207377    0    0    0    0    0    0    0    
87    10.779567503839488    0    0    0    0    0    0    0    
88    11.131907296676262    0    0    0    0    0    0    0    
89    11.311536665381334    0    0    0    0    0    0    0    
90    11.038425860622679    0    0    0    0    0    0    0    
91    11.521546827033179    0    0    0    0    0    0    0    
92    10.441981117303246    0    0    0    0    0    0    0    
93    11.712347434766182    0    0    0    0    0    0    0    
94    11.259858515742302    0    0    0    0    0    0    0    
95    11.51871413546937    0    0    0    0    0    0    0    
96    11.755542993099631    0    0    0    0    0    0    0    
97    10.988556189980274    0    0    0    0    0    0    0    
98    11.11052281928163    0    0    0    0    0    0    0    
99    11.301281452795314    0    0    0    0    0    0    0    
100    11.2300812737555    0    0    0    0    0    0    0    
101    11.181365425764108    0    0    0    0    0    0    0    
102    10.352420502780626    0    0    0    0    0    0    0    
103    11.154792150784175    0    0    0    0    0    0    0    
104    10.673488116071638    0    0    0    0    0    0    0    
105    11.66061761931884    0    0    0    0    0    0    0    
106    10.687911004866473    0    0    0    0    0    0    0    
107    10.799701576110019    0    0    0    0    0    0    0    
108    11.147643214360478    0    0    0    0    0    0    0    
109    10.628274243091855    0    0    0    0    0    0    0    
110    11.66372037489828    0    0    0    0    0    0    0    
111    11.415376654752412    0    0    0    0    0    0    0    
112    11.010116939704506    0    0    0    0    0    0    0    
113    11.543538024199373    0    0    0    0    0    0    0    
114    11.09279289578226    0    0    0    0    0    0    0    
115    11.53518757474484    0    0    0    0    0    0    0    
116    11.791342766806629    0    0    0    0    0    0    0    
117    11.309378376959685    0    0    0    0    0    0    0    
118    10.721342800450904    0    0    0    0    0    0    0    
119    10.716571574859284    0    0    0    0    0    0    0    
120    11.571510592626861    0    0    0    0    0    0    0    
121    10.752182784519048    0    0    0    0    0    0    0    
122    10.788594580401789    0    0    0    0    0    0    0    
123    9.486657234057255    0    0    0    0    0    0    0    
124    10.704132152385109    0    0    0    0    0    0    0    
125    12.210894561345498    0    0    0    0    0    0    0    
126    10.750818660890225    0    0    0    0    0    0    0    
127    11.32428338152096    0    0    0    0    0    0    0    
128    11.487620668894648    0    0    0    0    0    0    0    
129    10.891005681428934    0    0    0    0    0    0    0    
130    11.970833409084287    0    0    0    0    0    0    0    
131    11.685142432527106    0    0    0    0    0    0    0    
132    10.861704215959666    0    0    0    0    0    0    0    
133    11.205006942897212    0    0    0    0    0    0    0    
134    10.803818914484479    0    0    0    0    0    0    0    
135    11.51098931838893    0    0    0    0    0    0    0    
136    11.299792623278423    0    0    0    0    0    0    0    
137    10.5620191900572    0    0    0    0    0    0    0    
138    10.987029014263623    0    0    0    0    0    0    0    
139    11.052102595830252    0    0    0    0    0    0    0    
140    11.147862916663456    0    0    0    0    0    0    0    
141    11.854310558613792    0    0    0    0    0    0    0    
142    10.618885623101216    0    0    0    0    0    0    0    
143    11.243592674333334    0    0    0    0    0    0    0    
144    10.715622937764866    0    0    0    0    0    0    0    
145    11.332449368784257    0    0    0    0    0    0    0    
146    11.138256887680498    0    0    0    0    0    0    0    
147    10.74346645762748    0    0    0    0    0    0    0    
148    10.744133853772633    0    0    0    0    0    0    0    
149    10.810622729078354    0    0    0    0    0    0    0    
150    11.180264422049202    0    0    0    0    0    0    0    
151    11.715294076793993    0    0    0    0    0    0    0    
152    11.453516546716063    0    0    0    0    0    0    0    
153    10.7489561583087    0    0    0    0    0    0    0    
154    10.977563362669805    0    0    0    0    0    0    0    
155    11.066793399483435    0    0    0    0    0    0    0    
156    11.1393021513061    0    0    0    0    0    0    0    
157    10.762109233032382    0    0    0    0    0    0    0    
158    11.227737537157694    0    0    0    0    0    0    0    
159    11.880791348085785    0    0    0    0    0    0    0    
160    10.98900145331173    0    0    0    0    0    0    0    
161    10.654172801242474    0    0    0    0    0    0    0    
162    11.293301256188048    0    0    0    0    0    0    0    
163    11.01493139590309    0    0    0    0    0    0    0    
164    12.492789318898678    0    0    0    0    0    0    0    
165    11.25264586766413    0    0    0    0    0    0    0    
166    11.158836018847023    0    0    0    0    0    0    0    
167    11.2915083308512    0    0    0    0    0    0    0    
168    10.67669524038358    0    0    0    0    0    0    0    
169    11.28046652216125    0    0    0    0    0    0    0    
170    11.735744262181537    0    0    0    0    0    0    0    
171    11.648112335435622    0    0    0    0    0    0    0    
172    11.201990847174207    0    0    0    0    0    0    0    
173    11.565618929730926    0    0    0    0    0    0    0    
174    11.112706379303098    0    0    0    0    0    0    0    
175    10.746605070594448    0    0    0    0    0    0    0    
176    10.383684238038148    0    0    0    0    0    0    0    
177    11.00210335047651    0    0    0    0    0    0    0    
178    11.261487855419276    0    0    0    0    0    0    0    
179    11.14380447285136    0    0    0    0    0    0    0    
180    10.477227198054127    0    0    0    0    0    0    0    
181    11.719313979997775    0    0    0    0    0    0    0    
182    11.546787894274695    0    0    0    0    0    0    0    
183    10.539721881364029    0    0    0    0    0    0    0    
184    10.459999804602791    0    0    0    0    0    0    0    
185    11.286210957089512    0    0    0    0    0    0    0    
186    11.762788433012455    0    0    0    0    0    0    0    
187    10.720881378661018    0    0    0    0    0    0    0    
188    11.020454536133032    0    0    0    0    0    0    0    
189    10.814939922380779    0    0    0    0    0    0    0    
190    10.975333414662757    0    0    0    0    0    0    0    
191    10.953484991175511    0    0    0    0    0    0    0    
192    11.211374836403285    0    0    0    0    0    0    0    
193    11.028664676516597    0    0    0    0    0    0    0    
194    11.572362495983823    0    0    0    0    0    0    0    
195    10.432926782349513    0    0    0    0    0    0    0    
196    11.24114874849522    0    0    0    0    0    0    0    
197    11.266926708026133    0    0    0    0    0    0    0    
198    11.542082006144486    0    0    0    0    0    0    0    
199    10.95273748102061    0    0    0    0    0    0    0    
200    11.224834150595113    0    0    0    0    0    0    0    
201    10.832241132427022    0    0    0    0    0    0    0    
202    10.55677243540891    0    0    0    0    0    0    0    
203    10.98770149669166    0    0    0    0    0    0    0    
204    11.234267653519987    0    0    0    0    0    0    0    
205    11.372162335407134    0    0    0    0    0    0    0    
206    11.457176133557493    0    0    0    0    0    0    0    
207    11.603426128813993    0    0    0    0    0    0    0    
208    10.33064742291527    0    0    0    0    0    0    0    
209    11.301173279581898    0    0    0    0    0    0    0    
210    11.08359814476838    0    0    0    0    0    0    0    
211    11.225450172242104    0    0    0    0    0    0    0    
212    11.067779586442958    0    0    0    0    0    0    0    
213    10.058822397334183    0    0    0    0    0    0    0    
214    12.860430055366205    0    0    0    0    0    0    0    
215    11.798140540685713    0    0    0    0    0    0    0    
216    11.319936516088996    0    0    0    0    0    0    0    
217    11.142959859986018    0    0    0    0    0    0    0    
218    11.14976381705447    0    0    0    0    0    0    0    
219    10.413596232156955    0    0    0    0    0    0    0    
220    11.347566211250758    0    0    0    0    0    0    0    
221    10.883803630986197    0    0    0    0    0    0    0    
222    10.127689500502434    0    0    0    0    0    0    0    
223    10.566049940851984    0    0    0    0    0    0    0    
224    11.45276424108318    0    0    0    0    0    0    0    
225    11.13153091764971    0    0    0    0    0    0    0    
226    10.711773867880462    0    0    0    0    0    0    0    
227    10.966457573544735    0    0    0    0    0    0    0    
228    10.901671029738393    0    0    0    0    0    0    0    
229    10.99984492394815    0    0    0    0    0    0    0    
230    10.80813040315695    0    0    0    0    0    0    0    
231    10.609096371311646    0    0    0    0    0    0    0    
232    10.905209311991912    0    0    0    0    0    0    0    
233    11.28418326923067    0    0    0    0    0    0    0    
234    10.739881470676854    0    0    0    0    0    0    0    
235    10.487953395090875    0    0    0    0    0    0    0    
236    10.585280938460032    0    0    0    0    0    0    0    
237    11.945188463092371    0    0    0    0    0    0    0    
238    11.71345782614933    0    0    0    0    0    0    0    
239    12.104738478411363    0    0    0    0    0    0    0    
240    11.666266226178143    0    0    0    0    0    0    0    
241    11.258803748268539    0    0    0    0    0    0    0    
242    11.202618155466563    0    0    0    0    0    0    0    
243    11.214500285494612    0    0    0    0    0    0    0    
244    11.174337441768962    0    0    0    0    0    0    0    
245    10.465469974631237    0    0    0    0    0    0    0    
246    10.815222837048822    0    0    0    0    0    0    0    
247    11.441391630478314    0    0    0    0    0    0    0    
248    11.310232026008311    0    0    0    0    0    0    0    
249    11.879471213139949    0    0    0    0    0    0    0    
250    9.889792671539904    0    0    0    0    0    0    0    
251    10.658569765445517    0    0    0    0    0    0    0    
252    10.7979429875803    0    0    0    0    0    0    0    
253    10.728405637370786    0    0    0    0    0    0    0    
254    10.58178560264297    0    0    0    0    0    0    0    
255    12.4282977206968    0    0    0    0    0    0    0    
256    10.985103052300829    0    0    0    0    0    0    0    
257    10.56947597991703    0    0    0    0    0    0    0    
258    10.058940470550338    0    0    0    0    0    0    0    
259    10.853431238094    0    0    0    0    0    0    0    
260    11.585549801840624    0    0    0    0    0    0    0    
261    11.654710925844537    0    0    0    0    0    0    0    
262    11.693196663794161    0    0    0    0    0    0    0    
263    10.46137257060999    0    0    0    0    0    0    0    
264    11.318999374786754    0    0    0    0    0    0    0    
265    10.888524491807773    0    0    0    0    0    0    0    
266    11.29810680886146    0    0    0    0    0    0    0    
267    11.500797074281614    0    0    0    0    0    0    0    
268    10.112529936295996    0    0    0    0    0    0    0    
269    11.155621904005322    0    0    0    0    0    0    0    
270    10.370945839922904    0    0    0    0    0    0    0    
271    11.07785361885747    0    0    0    0    0    0    0    
272    11.799894637921165    0    0    0    0    0    0    0    
273    11.420973423076735    0    0    0    0    0    0    0    
274    11.359575626432234    0    0    0    0    0    0    0    
275    10.793835662097909    0    0    0    0    0    0    0    
276    11.363655223530552    0    0    0    0    0    0    0    
277    11.541106061752501    0    0    0    0    0    0    0    
278    10.951928560576714    0    0    0    0    0    0    0    
279    11.777658173617173    0    0    0    0    0    0    0    
280    11.583460561866584    0    0    0    0    0    0    0    
281    11.557098554287444    0    0    0    0    0    0    0    
282    10.165520020270526    0    0    0    0    0    0    0    
283    10.979554965287603    0    0    0    0    0    0    0    
284    11.244888288364544    0    0    0    0    0    0    0    
285    11.635080619615906    0    0    0    0    0    0    0    
286    12.190145421332662    0    0    0    0    0    0    0    
287    11.042159025512277    0    0    0    0    0    0    0    
288    10.111573742644918    0    0    0    0    0    0    0    
289    10.253864241952206    0    0    0    0    0    0    0    
290    11.392465946549763    0    0    0    0    0    0    0    
291    11.166188427883109    0    0    0    0    0    0    0    
292    11.698359061637534    0    0    0    0    0    0    0    
293    11.722737199061159    0    0    0    0    0    0    0    
294    10.665840200534115    0    0    0    0    0    0    0    
295    11.381461069427358    0    0    0    0    0    0    0    
296    10.936772065485911    0    0    0    0    0    0    0    
297    11.910567503720822    0    0    0    0    0    0    0    
298    10.340254078268867    0    0    0    0    0    0    0    
299    11.084749820616913    0    0    0    0    0    0    0    
300    11.7111324985204    0    0    0    0    0    0    0    
301    10.705172663729515    0    0    0    0    0    0    0    
302    11.322598917287745    0    0    0    0    0    0    0    
303    10.42792999932353    0    0    0    0    0    0    0    
304    10.464603362439153    0    0    0    0    0    0    0    
305    11.574893149307059    0    0    0    0    0    0    0    
306    11.804098785194075    0    0    0    0    0    0    0    
307    11.334265385778108    0    0    0    0    0    0    0    
308    9.686778252994674    0    0    0    0    0    0    0    
309    11.131890627009492    0    0    0    0    0    0    0    
310    11.66193018944747    0    0    0    0    0    0    0    
311    9.972096139859541    0    0    0    0    0    0    0    
312    11.763851426966305    0    0    0    0    0    0    0    
313    11.586490846952001    0    0    0    0    0    0    0    
314    10.915695403438262    0    0    0    0    0    0    0    
315    11.366550819993174    0    0    0    0    0    0    0    
316    11.300709500918419    0    0    0    0    0    0    0    
317    10.58658083117857    0    0    0    0    0    0    0    
318    11.136835108917817    0    0    0    0    0    0    0    
319    11.177616867857425    0    0    0    0    0    0    0    
320    11.270181958429912    0    0    0    0    0    0    0    
321    11.798954872103163    0    0    0    0    0    0    0    
322    10.720691241873595    0    0    0    0    0    0    0    
323    10.26857491491083    0    0    0    0    0    0    0    
324    10.926850620780895    0    0    0    0    0    0    0    
325    10.172528229588034    0    0    0    0    0    0    0    
326    11.161026114593508    0    0    0    0    0    0    0    
327    11.568041405002765    0    0    0    0    0    0    0    
328    10.771092492359976    0    0    0    0    0    0    0    
329    11.434429552744266    0    0    0    0    0    0    0    
330    11.620216697631449    0    0    0    0    0    0    0    
331    11.244367417240541    0    0    0    0    0    0    0    
332    11.694715585386621    0    0    0    0    0    0    0    
333    11.161449339563758    0    0    0    0    0    0    0    
334    11.505717294181695    0    0    0    0    0    0    0    
335    11.53092011517483    0    0    0    0    0    0    0    
336    10.087234101808624    0    0    0    0    0    0    0    
337    11.221818849864583    0    0    0    0    0    0    0    
338    11.089291711117427    0    0    0    0    0    0    0    
339    11.392241190274877    0    0    0    0    0    0    0    
340    11.526578018174112    0    0    0    0    0    0    0    
341    10.730260911046994    0    0    0    0    0    0    0    
342    11.088495545681704    0    0    0    0    0    0    0    
343    11.110944934010245    0    0    0    0    0    0    0    
344    11.15914251909742    0    0    0    0    0    0    0    
345    10.622248357016758    0    0    0    0    0    0    0    
346    10.76931666193841    0    0    0    0    0    0    0    
347    11.65854275808336    0    0    0    0    0    0    0    
348    11.071485524383416    0    0    0    0    0    0    0    
349    10.779167110399635    0    0    0    0    0    0    0    
350    10.33862990742654    0    0    0    0    0    0    0    
351    10.805479352711075    0    0    0    0    0    0    0    
352    11.724285653690483    0    0    0    0    0    0    0    
353    10.750024971160343    0    0    0    0    0    0    0    
354    11.044375594255603    0    0    0    0    0    0    0    
355    11.486123653747011    0    0    0    0    0    0    0    
356    11.234175567177717    0    0    0    0    0    0    0    
357    10.899601112989256    0    0    0    0    0    0    0    
358    11.049459981251667    0    0    0    0    0    0    0    
359    10.787009713597792    0    0    0    0    0    0    0    
360    11.893588498981078    0    0    0    0    0    0    0    
361    11.495613606659116    0    0    0    0    0    0    0    
362    10.811948645130698    0    0    0    0    0    0    0    
363    11.47726829535074    0    0    0    0    0    0    0    
364    11.037508368574267    0    0    0    0    0    0    0    
365    10.707871289390432    0    0    0    0    0    0    0    
366    11.163122505423974    0    0    0    0    0    0    0    
367    11.090618029815104    0    0    0    0    0    0    0    
368    12.229572768825802    0    0    0    0    0    0    0    
369    10.937238831207948    0    0    0    0    0    0    0    
370    10.502815978150668    0    0    0    0    0    0    0    
371    10.82349926466723    0    0    0    0    0    0    0    
372    11.981032709800077    0    0    0    0    0    0    0    
373    11.207480471550287    0    0    0    0    0    0    0    
374    12.083492218832053    0    0    0    0    0    0    0    
375    11.657928479977617    0    0    0    0    0    0    0    
376    11.049569067439823    0    0    0    0    0    0    0    
377    11.391178875983682    0    0    0    0    0    0    0    
378    11.00933765859835    0    0    0    0    0    0    0    
379    12.199810683075238    0    0    0    0    0    0    0    
380    10.939726077069205    0    0    0    0    0    0    0    
381    11.27026878110112    0    0    0    0    0    0    0    
382    11.738264589049125    0    0    0    0    0    0    0    
383    11.076487746783624    0    0    0    0    0    0    0    
384    11.446366710473693    0    0    0    0    0    0    0    
385    11.521879772711713    0    0    0    0    0    0    0    
386    10.448758342618921    0    0    0    0    0    0    0    
387    11.275373617347434    0    0    0    0    0    0    0    
388    10.339079355725904    0    0    0    0    0    0    0    
389    11.066224275448164    0    0    0    0    0    0    0    
390    10.347759155994359    0    0    0    0    0    0    0    
391    11.240231144470005    0    0    0    0    0    0    0    
392    11.238032613722465    0    0    0    0    0    0    0    
393    10.781730096944493    0    0    0    0    0    0    0    
394    11.567703510960555    0    0    0    0    0    0    0    
395    11.523443704649594    0    0    0    0    0    0    0    
396    11.160670230072158    0    0    0    0    0    0    0    
397    11.351719108030343    0    0    0    0    0    0    0    
398    11.388750525269828    0    0    0    0    0    0    0    
399    11.452776101403858    0    0    0    0    0    0    0    
400    10.76320211557507    0    0    0    0    0    0    0    
401    11.817078651546684    0    0    0    0    0    0    0    
402    11.094816180267765    0    0    0    0    0    0    0    
403    11.273700333368417    0    0    0    0    0    0    0    
404    11.818904500249799    0    0    0    0    0    0    0    
405    11.109954456866502    0    0    0    0    0    0    0    
406    11.321150748710398    0    0    0    0    0    0    0    
407    10.27640137717185    0    0    0    0    0    0    0    
408    11.521155640707631    0    0    0    0    0    0    0    
409    11.594359628671887    0    0    0    0    0    0    0    
410    10.71780185937233    0    0    0    0    0    0    0    
411    10.691131956359529    0    0    0    0    0    0    0    
412    11.08379782035394    0    0    0    0    0    0    0    
413    11.684158398459035    0    0    0    0    0    0    0    
414    10.621174142929199    0    0    0    0    0    0    0    
415    11.646634781111324    0    0    0    0    0    0    0    
416    11.61116079620377    0    0    0    0    0    0    0    
417    11.500491079833884    0    0    0    0    0    0    0    
418    11.422894150381605    0    0    0    0    0    0    0    
419    11.287570382555534    0    0    0    0    0    0    0    
420    10.361506346029502    0    0    0    0    0    0    0    
421    11.920917497086512    0    0    0    0    0    0    0    
422    11.356859286599162    0    0    0    0    0    0    0    
423    10.719822382571968    0    0    0    0    0    0    0    
424    11.026082132314556    0    0    0    0    0    0    0    
425    11.304307164119445    0    0    0    0    0    0    0    
426    10.650048971448246    0    0    0    0    0    0    0    
427    11.39553514259648    0    0    0    0    0    0    0    
428    10.124098950788166    0    0    0    0    0    0    0    
429    11.23102519412111    0    0    0    0    0    0    0    
430    10.813497853478282    0    0    0    0    0    0    0    
431    11.995322797769372    0    0    0    0    0    0    0    
432    11.481785258409076    0    0    0    0    0    0    0    
433    10.774975054586188    0    0    0    0    0    0    0    
434    11.635871882814449    0    0    0    0    0    0    0    
435    11.467358389117773    0    0    0    0    0    0    0    
436    11.385636833042511    0    0    0    0    0    0    0    
437    11.22309552664045    0    0    0    0    0    0    0    
438    11.206846855006875    0    0    0    0    0    0    0    
439    11.888796220494608    0    0    0    0    0    0    0    
440    10.674131979559018    0    0    0    0    0    0    0    
441    11.558799266291336    0    0    0    0    0    0    0    
442    11.638193885477849    0    0    0    0    0    0    0    
443    11.179849311051711    0    0    0    0    0    0    0    
444    11.46950762286294    0    0    0    0    0    0    0    
445    11.15881578988599    0    0    0    0    0    0    0    
446    10.688009533859727    0    0    0    0    0    0    0    
447    10.428858513884116    0    0    0    0    0    0    0    
448    11.42823597139995    0    0    0    0    0    0    0    
449    10.837062838498063    0    0    0    0    0    0    0    
450    11.624774806081804    0    0    0    0    0    0    0    
451    11.607615614173353    0    0    0    0    0    0    0    
452    9.91985780599581    0    0    0    0    0    0    0    
453    11.003372402465303    0    0    0    0    0    0    0    
454    11.610958177287195    0    0    0    0    0    0    0    
455    11.090827301299562    0    0    0    0    0    0    0    
456    10.86029662462179    0    0    0    0    0    0    0    
457    10.520456103439638    0    0    0    0    0    0    0    
458    10.493531737748453    0    0    0    0    0    0    0    
459    11.56646012447858    0    0    0    0    0    0    0    
460    10.699435670045327    0    0    0    0    0    0    0    
461    11.25787048943409    0    0    0    0    0    0    0    
462    11.83329962825331    0    0    0    0    0    0    0    
463    10.984602592152276    0    0    0    0    0    0    0    
464    11.49272919632604    0    0    0    0    0    0    0    
465    11.345558457095498    0    0    0    0    0    0    0    
466    11.827355877068783    0    0    0    0    0    0    0    
467    10.981589103402797    0    0    0    0    0    0    0    
468    11.885878535233582    0    0    0    0    0    0    0    
469    12.533207977705114    0    0    0    0    0    0    0    
470    11.13328404509343    0    0    0    0    0    0    0    
471    10.82427704301335    0    0    0    0    0    0    0    
472    11.352885926562754    0    0    0    0    0    0    0    
473    10.893468464265684    0    0    0    0    0    0    0    
474    11.430000856360536    0    0    0    0    0    0    0    
475    10.55093056727699    0    0    0    0    0    0    0    
476    11.846615314133619    0    0    0    0    0    0    0    
477    10.877321850585531    0    0    0    0    0    0    0    
478    11.910755037435132    0    0    0    0    0    0    0    
479    11.138396733153    0    0    0    0    0    0    0    
480    11.049503291175698    0    0    0    0    0    0    0    
481    11.059465508753044    0    0    0    0    0    0    0    
482    10.259209085768779    0    0    0    0    0    0    0    
483    11.399097847767724    0    0    0    0    0    0    0    
484    10.955371656548367    0    0    0    0    0    0    0    
485    10.915090256150318    0    0    0    0    0    0    0    
486    10.821612164679625    0    0    0    0    0    0    0    
487    11.859924836090741    0    0    0    0    0    0    0    
488    10.958373302140219    0    0    0    0    0    0    0    
489    10.370640874707357    0    0    0    0    0    0    0    
490    11.361201850643097    0    0    0    0    0    0    0    
491    11.793618789284093    0    0    0    0    0    0    0    
492    11.994714951232263    0    0    0    0    0    0    0    
493    11.8609649899396    0    0    0    0    0    0    0    
494    10.940788690033017    0    0    0    0    0    0    0    
495    10.44521387136324    0    0    0    0    0    0    0    
496    12.49402028507669    0    0    0    0    0    0    0    
497    10.60177872816859    0    0    0    0    0    0    0    
498    10.762917060570729    0    0    0    0    0    0    0    
499    11.336430554656543    0    0    0    0    0    0    0    
500    11.607073079080184    0    0    0    0    0    0    0    
501    11.479414488578088    0    0    0    0    0    0    0    
502    11.86262981250528    0    0    0    0    0    0    0    
503    11.550020088520599    0    0    0    0    0    0    0    
504    11.518445112092353    0    0    0    0    0    0    0    
505    11.134252593871814    0    0    0    0    0    0    0    
506    11.290663385020109    0    0    0    0    0    0    0    
507    11.332530133393412    0    0    0    0    0    0    0    
508    10.764842814914797    0    0    0    0    0    0    0    
509    11.070942648184653    0    0    0    0    0    0    0    
510    11.944213601605774    0    0    0    0    0    0    0    
511    10.759808770387764    0    0    0    0    0    0    0    
512    10.70892130042067    0    0    0    0    0    0    0    
513    11.167763362581493    0    0    0    0    0    0    0    
514    12.653583258178674    0    0    0    0    0    0    0    
515    11.502099989314381    0    0    0    0    0    0    0    
516    11.524492321864743    0    0    0    0    0    0    0    
517    11.7013165378141    0    0    0    0    0    0    0    
518    11.922320299025099    0    0    0    0    0    0    0    
519    11.095434804462784    0    0    0    0    0    0    0    
520    11.148193922314869    0    0    0    0    0    0    0    
521    11.26244281408274    0    0    0    0    0    0    0    
522    11.806764301714644    0    0    0    0    0    0    0    
523    10.642435860307936    0    0    0    0    0    0    0    
524    12.035053281019895    0    0    0    0    0    0    0    
525    11.279303484521144    0    0    0    0    0    0    0    
526    11.60691004897264    0    0    0    0    0    0    0    
527    10.673379139676461    0    0    0    0    0    0    0    
528    11.007011430157176    0    0    0    0    0    0    0    
529    11.444727124598543    0    0    0    0    0    0    0    
530    11.606227916015513    0    0    0    0    0    0    0    
531    10.907704153949574    0    0    0    0    0    0    0    
532    11.666705280077913    0    0    0    0    0    0    0    
533    11.634524565473075    0    0    0    0    0    0    0    
534    10.385939432548746    0    0    0    0    0    0    0    
535    10.873488310305877    0    0    0    0    0    0    0    
536    11.44726686922261    0    0    0    0    0    0    0    
537    10.487416769417273    0    0    0    0    0    0    0    
538    11.11679329247194    0    0    0    0    0    0    0    
539    11.659073073297979    0    0    0    0    0    0    0    
540    11.359525126642584    0    0    0    0    0    0    0    
541    11.246081672608142    0    0    0    0    0    0    0    
542    11.503028482422096    0    0    0    0    0    0    0    
543    11.519415513509259    0    0    0    0    0    0    0    
544    11.815371381137423    0    0    0    0    0    0    0    
545    11.856502079540695    0    0    0    0    0    0    0    
546    10.90702989612434    0    0    0    0    0    0    0    
547    11.631807466748329    0    0    0    0    0    0    0    
548    10.824129086793999    0    0    0    0    0    0    0    
549    10.827466684975892    0    0    0    0    0    0    0    
550    11.532495182866555    0    0    0    0    0    0    0    
551    11.57251959839923    0    0    0    0    0    0    0    
552    10.869362374162828    0    0    0    0    0    0    0    
553    11.157606205379812    0    0    0    0    0    0    0    
554    9.763817567019549    0    0    0    0    0    0    0    
555    10.32420004115103    0    0    0    0    0    0    0    
556    11.501043560319399    0    0    0    0    0    0    0    
557    10.765625223941363    0    0    0    0    0    0    0    
558    10.87287038169489    0    0    0    0    0    0    0    
559    12.534430038005087    0    0    0    0    0    0    0    
560    11.147924308549904    0    0    0    0    0    0    0    
561    11.532309552086977    0    0    0    0    0    0    0    
562    11.243019034169635    0    0    0    0    0    0    0    
563    10.78174157431582    0    0    0    0    0    0    0    
564    11.174565774888222    0    0    0    0    0    0    0    
565    10.327913151986388    0    0    0    0    0    0    0    
566    10.884567619525075    0    0    0    0    0    0    0    
567    11.003034369827612    0    0    0    0    0    0    0    
568    11.50878155353961    0    0    0    0    0    0    0    
569    11.121286653191747    0    0    0    0    0    0    0    
570    10.964792929784974    0    0    0    0    0    0    0    
571    10.405485750298924    0    0    0    0    0    0    0    
572    10.71310518182771    0    0    0    0    0    0    0    
573    11.456134508389972    0    0    0    0    0    0    0    
574    11.496996071423352    0    0    0    0    0    0    0    
575    10.146967290673498    0    0    0    0    0    0    0    
576    10.653054683119791    0    0    0    0    0    0    0    
577    10.589818648801634    0    0    0    0    0    0    0    
578    10.885112850054204    0    0    0    0    0    0    0    
579    10.80737983624794    0    0    0    0    0    0    0    
580    11.445865883996095    0    0    0    0    0    0    0    
581    10.397401907260225    0    0    0    0    0    0    0    
582    11.427904430762233    0    0    0    0    0    0    0    
583    11.276044317244956    0    0    0    0    0    0    0    
584    11.20677238195308    0    0    0    0    0    0    0    
585    12.116973721583308    0    0    0    0    0    0    0    
586    11.301486708676858    0    0    0    0    0    0    0    
587    11.979372771934674    0    0    0    0    0    0    0    
588    11.198953656033366    0    0    0    0    0    0    0    
589    10.693554371869077    0    0    0    0    0    0    0    
590    12.070006498130894    0    0    0    0    0    0    0    
591    11.307446704873678    0    0    0    0    0    0    0    
592    11.1069495449817    0    0    0    0    0    0    0    
593    10.988796257321871    0    0    0    0    0    0    0    
594    11.070867794729276    0    0    0    0    0    0    0    
595    12.195518078752213    0    0    0    0    0    0    0    
596    11.345561672016844    0    0    0    0    0    0    0    
597    11.365007353587977    0    0    0    0    0    0    0    
598    11.491401709630692    0    0    0    0    0    0    0    
599    11.328715995016042    0    0    0    0    0    0    0    
600    11.161215336173973    0    0    0    0    0    0    0    
601    10.810252434177276    0    0    0    0    0    0    0    
602    11.314254702157225    0    0    0    0    0    0    0    
603    10.535980947373037    0    0    0    0    0    0    0    
604    11.256303922157551    0    0    0    0    0    0    0    
605    10.749557102834963    0    0    0    0    0    0    0    
606    11.467317017099157    0    0    0    0    0    0    0    
607    10.658828369089827    0    0    0    0    0    0    0    
608    11.29504812988328    0    0    0    0    0    0    0    
609    10.532439588701877    0    0    0    0    0    0    0    
610    12.30022342174135    0    0    0    0    0    0    0    
611    11.27673014753211    0    0    0    0    0    0    0    
612    11.782024116543377    0    0    0    0    0    0    0    
613    11.021407911227955    0    0    0    0    0    0    0    
614    10.831475555160756    0    0    0    0    0    0    0    
615    11.652429262648802    0    0    0    0    0    0    0    
616    11.858049210377796    0    0    0    0    0    0    0    
617    11.928277806937926    0    0    0    0    0    0    0    
618    10.268333358126059    0    0    0    0    0    0    0    
619    11.09937812960303    0    0    0    0    0    0    0    
620    12.078035276663773    0    0    0    0    0    0    0    
621    12.504404609813554    0    0    0    0    0    0    0    
622    9.915580272313482    0    0    0    0    0    0    0    
623    11.667770192952679    0    0    0    0    0    0    0    
624    10.647915153297381    0    0    0    0    0    0    0    
625    11.554230983243128    0    0    0    0    0    0    0    
626    10.889767370661447    0    0    0    0    0    0    0    
627    10.794732499619258    0    0    0    0    0    0    0    
628    10.92478220428223    0    0    0    0    0    0    0    
629    11.268101459876691    0    0    0    0    0    0    0    
630    11.106455776393952    0    0    0    0    0    0    0    
631    11.36774713286881    0    0    0    0    0    0    0    
632    11.317687441319286    0    0    0    0    0    0    0    
633    10.844774312889477    0    0    0    0    0    0    0    
634    10.761677028905005    0    0    0    0    0    0    0    
635    10.557589912673473    0    0    0    0    0    0    0    
636    10.342877606785855    0    0    0    0    0    0    0    
637    11.457436966096921    0    0    0    0    0    0    0    
638    11.315058656614928    0    0    0    0    0    0    0    
639    10.349532317464336    0    0    0    0    0    0    0    
640    11.66872015118621    0    0    0    0    0    0    0    
641    11.450942138496314    0    0    0    0    0    0    0    
642    10.698849981246896    0    0    0    0    0    0    0    
643    11.615448753028494    0    0    0    0    0    0    0    
644    11.49234515267002    0    0    0    0    0    0    0    
645    11.265481059493379    0    0    0    0    0    0    0    
646    11.16777674578986    0    0    0    0    0    0    0    
647    11.80231162564371    0    0    0    0    0    0    0    
648    11.325786843861641    0    0    0    0    0    0    0    
649    11.689481835965934    0    0    0    0    0    0    0    
650    10.63470986600418    0    0    0    0    0    0    0    
651    11.895751947757757    0    0    0    0    0    0    0    
652    10.680287930998864    0    0    0    0    0    0    0    
653    10.684349466033408    0    0    0    0    0    0    0    
654    11.511795974815696    0    0    0    0    0    0    0    
655    10.860118039610096    0    0    0    0    0    0    0    
656    10.859795578597396    0    0    0    0    0    0    0    
657    10.838744623749943    0    0    0    0    0    0    0    
658    10.701636029926565    0    0    0    0    0    0    0    
659    10.76897534350365    0    0    0    0    0    0    0    