! OpenFAST Deterministic Wind File
#
# Comment lines begin with "!" or "#" or "%", then the data lines must contain the following columns:
#
# If there are only 8 columns, upflow is assumed to be 0.
#
# Parameters are interpolated linearly between time steps; using nearest neighbor before the first time 
# listed in this file and after the last time listed in the file. 
#
! Time     Wind    Wind    Vertical    Horiz.      Pwr.Law     Lin.Vert.   Gust     Upflow
!          Speed   Dir     Speed       Shear       Vert.Shr    Shear       Speed    Angle 
! (sec)    (m/s)   (Deg)   (m/s)                                            (m/s)   (deg)
0    14.679681818692949    0    0    0    0    0    0    0    
1    16.160825130406486    0    0    0    0    0    0    0    
2    15.159000443557218    0    0    0    0    0    0    0    
3    14.02766929055693    0    0    0    0    0    0    0    
4    14.478889944832765    0    0    0    0    0    0    0    
5    15.132808255153314    0    0    0    0    0    0    0    
6    15.751891126597808    0    0    0    0    0    0    0    
7    13.843463122156956    0    0    0    0    0    0    0    
8    15.12231025373367    0    0    0    0    0    0    0    
9    14.322670990663926    0    0    0    0    0    0    0    
10    14.592738579353009    0    0    0    0    0    0    0    
11    15.157994848557129    0    0    0    0    0    0    0    
12    14.00629618809148    0    0    0    0    0    0    0    
13    14.1839707326244    0    0    0    0    0    0    0    
14    15.281279947421034    0    0    0    0    0    0    0    
15    13.743622824985293    0    0    0    0    0    0    0    
16    14.745183765044944    0    0    0    0    0    0    0    
17    14.551152981894694    0    0    0    0    0    0    0    
18    13.60150327945245    0    0    0    0    0    0    0    
19    14.535351073932038    0    0    0    0    0    0    0    
20    15.415915483333631    0    0    0    0    0    0    0    
21    13.716459842727422    0    0    0    0    0    0    0    
22    14.71581046940277    0    0    0    0    0    0    0    
23    15.234388127309481    0    0    0    0    0    0    0    
24    14.698584475662809    0    0    0    0    0    0    0    
25    15.535321361087702    0    0    0    0    0    0    0    
26    13.809555128364089    0    0    0    0    0    0    0    
27    15.313753297748695    0    0    0    0    0    0    0    
28    15.184969029602444    0    0    0    0    0    0    0    
29    15.118885291997065    0    0    0    0    0    0    0    
30    14.726359444028446    0    0    0    0    0    0    0    
31    14.67984086570704    0    0    0    0    0    0    0    
32    15.095520092678317    0    0    0    0    0    0    0    
33    13.999523256586711    0    0    0    0    0    0    0    
34    15.139353985535678    0    0    0    0    0    0    0    
35    15.369827523431926    0    0    0    0    0    0    0    
36    14.11767339904377    0    0    0    0    0    0    0    
37    14.439839500758039    0    0    0    0    0    0    0    
38    15.232717002521637    0    0    0    0    0    0    0    
39    13.617558550417076    0    0    0    0    0    0    0    
40    13.383781130902577    0    0    0    0    0    0    0    
41    13.96327915594714    0    0    0    0    0    0    0    
42    14.745628919799296    0    0    0    0    0    0    0    
43    14.876940679554295    0    0    0    0    0    0    0    
44    14.950298859583665    0    0    0    0    0    0    0    
45    14.057347833200808    0    0    0    0    0    0    0    
46    14.084412174383672    0    0    0    0    0    0    0    
47    15.552180630021082    0    0    0    0    0    0    0    
48    15.394670962927314    0    0    0    0    0    0    0    
49    15.424738057144738    0    0    0    0    0    0    0    
50    15.031071721354188    0    0    0    0    0    0    0    
51    13.832000510789367    0    0    0    0    0    0    0    
52    15.323522461677676    0    0    0    0    0    0    0    
53    15.128635399184601    0    0    0    0    0    0    0    
54    15.066644000048202    0    0    0    0    0    0    0    
55    14.366243181005375    0    0    0    0    0    0    0    
56    13.866432522195167    0    0    0    0    0    0    0    
57    15.386638269698615    0    0    0    0    0    0    0    
58    15.854546807315257    0    0    0    0    0    0    0    
59    14.854741039395678    0    0    0    0    0    0    0    
60    15.186566878753803    0    0    0    0    0    0    0    
61    14.12165816700448    0    0    0    0    0    0    0    
62    14.094831884603286    0    0    0    0    0    0    0    
63    14.94882220065925    0    0    0    0    0    0    0    
64    14.73078477452031    0    0    0    0    0    0    0    
65    14.10464627836371    0    0    0    0    0    0    0    
66    13.864710239677343    0    0    0    0    0    0    0    
67    15.262530417640418    0    0    0    0    0    0    0    
68    14.961975930676369    0    0    0    0    0    0    0    
69    15.482551011879945    0    0    0    0    0    0    0    
70    14.002643077124446    0    0    0    0    0    0    0    
71    14.626413407512821    0    0    0    0    0    0    0    
72    15.089360268985846    0    0    0    0    0    0    0    
73    15.001362517251213    0    0    0    0    0    0    0    
74    14.841233936089656    0    0    0    0    0    0    0    
75    15.59379060243204    0    0    0    0    0    0    0    
76    14.940435861331064    0    0    0    0    0    0    0    
77    14.661621027319054    0    0    0    0    0    0    0    
78    14.800951913173693    0    0    0    0    0    0    0    
79    13.67533758017828    0    0    0    0    0    0    0    
80    14.878661665579362    0    0    0    0    0    0    0    
81    13.92152843783251    0    0    0    0    0    0    0    
82    13.792270406735184    0    0    0    0    0    0    0    
83    14.082872572820634    0    0    0    0    0    0    0    
84    13.64297923441206    0    0    0    0    0    0    0    
85    15.256405631446603    0    0    0    0    0    0    0    
86    14.254610302278993    0    0    0    0    0    0    0    
87    15.005993760499962    0    0    0    0    0    0    0    
88    14.333162423887995    0    0    0    0    0    0    0    
89    14.75778590092251    0    0    0    0    0    0    0    
90    14.369968955913578    0    0    0    0    0    0    0    
91    13.616197545152827    0    0    0    0    0    0    0    
92    14.194387737165691    0    0    0    0    0    0    0    
93    13.838589681392692    0    0    0    0    0    0    0    
94    15.608905478442333    0    0    0    0    0    0    0    
95    15.502612274690662    0    0    0    0    0    0    0    
96    14.576650738536875    0    0    0    0    0    0    0    
97    14.517870903835    0    0    0    0    0    0    0    
98    14.826745317087072    0    0    0    0    0    0    0    
99    15.870665742197419    0    0    0    0    0    0    0    
100    15.222992645945709    0    0    0    0    0    0    0    
101    15.394684037212679    0    0    0    0    0    0    0    
102    14.64977540239683    0    0    0    0    0    0    0    
103    13.97841407016449    0    0    0    0    0    0    0    
104    15.026766529206318    0    0    0    0    0    0    0    
105    15.015547895504724    0    0    0    0    0    0    0    
106    14.752653758657974    0    0    0    0    0    0    0    
107    15.10302219786249    0    0    0    0    0    0    0    
108    13.930684371069    0    0    0    0    0    0    0    
109    16.00438081075249    0    0    0    0    0    0    0    
110    14.289133654149367    0    0    0    0    0    0    0    
111    13.656567912461572    0    0    0    0    0    0    0    
112    14.904358918986826    0    0    0    0    0    0    0    
113    15.219487624418884    0    0    0    0    0    0    0    
114    15.094400421218804    0    0    0    0    0    0    0    
115    14.429766552860361    0    0    0    0    0    0    0    
116    16.238112670758948    0    0    0    0    0    0    0    
117    15.341057935770255    0    0    0    0    0    0    0    
118    15.403164949269764    0    0    0    0    0    0    0    
119    12.820877357359338    0    0    0    0    0    0    0    
120    14.723048781228607    0    0    0    0    0    0    0    
121    15.161559742892445    0    0    0    0    0    0    0    
122    14.158405260981178    0    0    0    0    0    0    0    
123    14.8763928455332    0    0    0    0    0    0    0    
124    14.000075650088728    0    0    0    0    0    0    0    
125    14.312950842609403    0    0    0    0    0    0    0    
126    14.64827566128112    0    0    0    0    0    0    0    
127    15.167791264182982    0    0    0    0    0    0    0    
128    15.716359939275433    0    0    0    0    0    0    0    
129    13.987164969799466    0    0    0    0    0    0    0    
130    14.898997068715058    0    0    0    0    0    0    0    
131    14.735134353491063    0    0    0    0    0    0    0    
132    15.088806384936314    0    0    0    0    0    0    0    
133    14.017617022776971    0    0    0    0    0    0    0    
134    14.884126500347163    0    0    0    0    0    0    0    
135    15.559318836240358    0    0    0    0    0    0    0    
136    14.810906983200473    0    0    0    0    0    0    0    
137    14.117587429503645    0    0    0    0    0    0    0    
138    13.526131193152775    0    0    0    0    0    0    0    
139    14.958063335260725    0    0    0    0    0    0    0    
140    14.64704097507637    0    0    0    0    0    0    0    
141    14.945147547124277    0    0    0    0    0    0    0    
142    15.181880793835061    0    0    0    0    0    0    0    
143    14.986305865671303    0    0    0    0    0    0    0    
144    14.554466568967856    0    0    0    0    0    0    0    
145    13.464570925665607    0    0    0    0    0    0    0    
146    14.624765210009317    0    0    0    0    0    0    0    
147    15.29494708604953    0    0    0    0    0    0    0    
148    15.381367926159882    0    0    0    0    0    0    0    
149    14.677667737953454    0    0    0    0    0    0    0    
150    14.111101212231784    0    0    0    0    0    0    0    
151    13.999097231582724    0    0    0    0    0    0    0    
152    14.348022943328735    0    0    0    0    0    0    0    
153    14.697934776076485    0    0    0    0    0    0    0    
154    14.497215993921124    0    0    0    0    0    0    0    
155    14.251394932152925    0    0    0    0    0    0    0    
156    15.65291451440973    0    0    0    0    0    0    0    
157    14.503993249848822    0    0    0    0    0    0    0    
158    13.90250978359667    0    0    0    0    0    0    0    
159    14.412994250793208    0    0    0    0    0    0    0    
160    16.405400992706888    0    0    0    0    0    0    0    
161    13.808286247485325    0    0    0    0    0    0    0    
162    13.474517161841831    0    0    0    0    0    0    0    
163    14.349004784324134    0    0    0    0    0    0    0    
164    14.401680539112911    0    0    0    0    0    0    0    
165    15.308693168899564    0    0    0    0    0    0    0    
166    14.336388073578354    0    0    0    0    0    0    0    
167    14.630518604851725    0    0    0    0    0    0    0    
168    14.33816079649613    0    0    0    0    0    0    0    
169    13.596239311266299    0    0    0    0    0    0    0    
170    15.358330125232715    0    0    0    0    0    0    0    
171    15.640528755893081    0    0    0    0    0    0    0    
172    15.641169221053062    0    0    0    0    0    0    0    
173    14.16441749634177    0    0    0    0    0    0    0    
174    14.022191751924103    0    0    0    0    0    0    0    
175    15.347214523119925    0    0    0    0    0    0    0    
176    15.319421749529786    0    0    0    0    0    0    0    
177    14.671064352959755    0    0    0    0    0    0    0    
178    14.351236021469667    0    0    0    0    0    0    0    
179    15.443503243314165    0    0    0    0    0    0    0    
180    14.796019446707183    0    0    0    0    0    0    0    
181    14.255420869658844    0    0    0    0    0    0    0    
182    14.654607888546114    0    0    0    0    0    0    0    
183    14.984593399709768    0    0    0    0    0    0    0    
184    14.013466112756909    0    0    0    0    0    0    0    
185    14.312337741217187    0    0    0    0    0    0    0    
186    15.181908153263052    0    0    0    0    0    0    0    
187    14.68452450485659    0    0    0    0    0    0    0    
188    15.041434343797153    0    0    0    0    0    0    0    
189    16.135045826102534    0    0    0    0    0    0    0    
190    16.19739497281493    0    0    0    0    0    0    0    
191    14.527118354406033    0    0    0    0    0    0    0    
192    14.502343694400158    0    0    0    0    0    0    0    
193    14.221356691284631    0    0    0    0    0    0    0    
194    14.806788108294548    0    0    0    0    0    0    0    
195    15.734963133251455    0    0    0    0    0    0    0    
196    13.879445394509125    0    0    0    0    0    0    0    
197    14.957304414031706    0    0    0    0    0    0    0    
198    15.802816752625828    0    0    0    0    0    0    0    
199    14.049358669898083    0    0    0    0    0    0    0    
200    14.975541199562722    0    0    0    0    0    0    0    
201    15.026957207616602    0    0    0    0    0    0    0    
202    14.156689933057221    0    0    0    0    0    0    0    
203    13.636230865121895    0    0    0    0    0    0    0    
204    14.395856274899362    0    0    0    0    0    0    0    
205    13.940098515200267    0    0    0    0    0    0    0    
206    14.675672396878129    0    0    0    0    0    0    0    
207    16.336752673626183    0    0    0    0    0    0    0    
208    15.246526710732184    0    0    0    0    0    0    0    
209    14.189426926118072    0    0    0    0    0    0    0    
210    14.028920347460653    0    0    0    0    0    0    0    
211    13.766727590777586    0    0    0    0    0    0    0    
212    14.459702340514324    0    0    0    0    0    0    0    
213    14.806094625352053    0    0    0    0    0    0    0    
214    14.579002429021248    0    0    0    0    0    0    0    
215    14.606770035918299    0    0    0    0    0    0    0    
216    13.444935900711082    0    0    0    0    0    0    0    
217    14.362533837987193    0    0    0    0    0    0    0    
218    14.777640288587811    0    0    0    0    0    0    0    
219    15.050292861446195    0    0    0    0    0    0    0    
220    13.932373247504534    0    0    0    0    0    0    0    
221    14.575735920094353    0    0    0    0    0    0    0    
222    15.61418497739389    0    0    0    0    0    0    0    
223    14.856128166985844    0    0    0    0    0    0    0    
224    15.506362470238582    0    0    0    0    0    0    0    
225    13.999798194477666    0    0    0    0    0    0    0    
226    13.60475001731358    0    0    0    0    0    0    0    
227    15.233042110292581    0    0    0    0    0    0    0    
228    15.066891817048841    0    0    0    0    0    0    0    
229    13.75648467558351    0    0    0    0    0    0    0    
230    14.185862282223372    0    0    0    0    0    0    0    
231    15.648692489124254    0    0    0    0    0    0    0    
232    14.35051772170302    0    0    0    0    0    0    0    
233    14.622332343224095    0    0    0    0    0    0    0    
234    14.69332334741791    0    0    0    0    0    0    0    
235    16.254498100507103    0    0    0    0    0    0    0    
236    15.05721414778714    0    0    0    0    0    0    0    
237    14.117587838521105    0    0    0    0    0    0    0    
238    14.459917315517446    0    0    0    0    0    0    0    
239    15.454864190276766    0    0    0    0    0    0    0    
240    13.981979260629569    0    0    0    0    0    0    0    
241    14.722352395271209    0    0    0    0    0    0    0    
242    15.513531364371682    0    0    0    0    0    0    0    
243    13.875097966568951    0    0    0    0    0    0    0    
244    15.193768760041554    0    0    0    0    0    0    0    
245    14.936618695978552    0    0    0    0    0    0    0    
246    14.20038754250001    0    0    0    0    0    0    0    
247    14.456399912752541    0    0    0    0    0    0    0    
248    14.267805755146599    0    0    0    0    0    0    0    
249    15.515607775405236    0    0    0    0    0    0    0    
250    14.457306525241302    0    0    0    0    0    0    0    
251    15.009054805975456    0    0    0    0    0    0    0    
252    15.94161152927527    0    0    0    0    0    0    0    
253    13.666391371885643    0    0    0    0    0    0    0    
254    14.494468252243749    0    0    0    0    0    0    0    
255    16.017440577266143    0    0    0    0    0    0    0    
256    13.639580892617182    0    0    0    0    0    0    0    
257    14.70811627059696    0    0    0    0    0    0    0    
258    14.56284134284956    0    0    0    0    0    0    0    
259    14.734286770335363    0    0    0    0    0    0    0    
260    16.235854873262582    0    0    0    0    0    0    0    
261    16.06162670991379    0    0    0    0    0    0    0    
262    15.885932335810251    0    0    0    0    0    0    0    
263    14.72939358351718    0    0    0    0    0    0    0    
264    13.976136401898797    0    0    0    0    0    0    0    
265    14.801080318280635    0    0    0    0    0    0    0    
266    15.025133826970444    0    0    0    0    0    0    0    
267    14.61506320623889    0    0    0    0    0    0    0    
268    15.370167344224976    0    0    0    0    0    0    0    
269    14.770935461126191    0    0    0    0    0    0    0    
270    14.589802763463696    0    0    0    0    0    0    0    
271    14.63298927066553    0    0    0    0    0    0    0    
272    14.67932768395068    0    0    0    0    0    0    0    
273    14.537156205079407    0    0    0    0    0    0    0    
274    14.771908650567818    0    0    0    0    0    0    0    
275    13.72262549584554    0    0    0    0    0    0    0    
276    15.45960550169499    0    0    0    0    0    0    0    
277    15.530496518503417    0    0    0    0    0    0    0    
278    14.867074298410394    0    0    0    0    0    0    0    
279    15.344672559743522    0    0    0    0    0    0    0    
280    14.03926727200712    0    0    0    0    0    0    0    
281    15.327322674606478    0    0    0    0    0    0    0    
282    14.29132784436576    0    0    0    0    0    0    0    
283    15.028847447774766    0    0    0    0    0    0    0    
284    14.688422095018714    0    0    0    0    0    0    0    
285    13.643114891378465    0    0    0    0    0    0    0    
286    15.35011814869587    0    0    0    0    0    0    0    
287    13.547642733140545    0    0    0    0    0    0    0    
288    14.825386450021426    0    0    0    0    0    0    0    
289    14.046888460215884    0    0    0    0    0    0    0    
290    14.963001380149308    0    0    0    0    0    0    0    
291    14.865872418195831    0    0    0    0    0    0    0    
292    13.89576911800773    0    0    0    0    0    0    0    
293    15.618799585755932    0    0    0    0    0    0    0    
294    15.21317115026709    0    0    0    0    0    0    0    
295    14.322521429305452    0    0    0    0    0    0    0    
296    13.671555988538454    0    0    0    0    0    0    0    
297    15.797100642077782    0    0    0    0    0    0    0    
298    13.335238915539929    0    0    0    0    0    0    0    
299    12.606149352935661    0    0    0    0    0    0    0    
300    14.901614015073704    0    0    0    0    0    0    0    
301    16.39893287288304    0    0    0    0    0    0    0    
302    16.610311777676113    0    0    0    0    0    0    0    
303    14.295477107243096    0    0    0    0    0    0    0    
304    14.843627285967942    0    0    0    0    0    0    0    
305    14.342206001458173    0    0    0    0    0    0    0    
306    14.172588783854962    0    0    0    0    0    0    0    
307    14.21916222555467    0    0    0    0    0    0    0    
308    15.083500084245804    0    0    0    0    0    0    0    
309    15.707777311076335    0    0    0    0    0    0    0    
310    13.820695085625022    0    0    0    0    0    0    0    
311    14.172809460829967    0    0    0    0    0    0    0    
312    14.736692290425625    0    0    0    0    0    0    0    
313    14.752726493386216    0    0    0    0    0    0    0    
314    13.878849100192669    0    0    0    0    0    0    0    
315    15.419522057582629    0    0    0    0    0    0    0    
316    15.488755515705899    0    0    0    0    0    0    0    
317    15.619892669657357    0    0    0    0    0    0    0    
318    12.918571126555566    0    0    0    0    0    0    0    
319    15.47327385519766    0    0    0    0    0    0    0    
320    13.507230500282473    0    0    0    0    0    0    0    
321    14.901029688496434    0    0    0    0    0    0    0    
322    13.979374652630739    0    0    0    0    0    0    0    
323    14.789856374246593    0    0    0    0    0    0    0    
324    14.784927940341927    0    0    0    0    0    0    0    
325    14.524911866763798    0    0    0    0    0    0    0    
326    16.410471254166715    0    0    0    0    0    0    0    
327    12.764767276398878    0    0    0    0    0    0    0    
328    13.743947415139163    0    0    0    0    0    0    0    
329    14.303651482685135    0    0    0    0    0    0    0    
330    15.72860915697916    0    0    0    0    0    0    0    
331    14.331847747227876    0    0    0    0    0    0    0    
332    15.066409179256219    0    0    0    0    0    0    0    
333    14.179583717383114    0    0    0    0    0    0    0    
334    15.281604645076365    0    0    0    0    0    0    0    
335    15.690840808148662    0    0    0    0    0    0    0    
336    15.546832943629411    0    0    0    0    0    0    0    
337    14.965307807883411    0    0    0    0    0    0    0    
338    15.165604783516994    0    0    0    0    0    0    0    
339    15.802224385394725    0    0    0    0    0    0    0    
340    14.706457927437407    0    0    0    0    0    0    0    
341    15.23950270602937    0    0    0    0    0    0    0    
342    14.600758521606622    0    0    0    0    0    0    0    
343    14.376996435938954    0    0    0    0    0    0    0    
344    15.476306424790025    0    0    0    0    0    0    0    
345    15.621263271771365    0    0    0    0    0    0    0    
346    15.554996966295196    0    0    0    0    0    0    0    
347    13.8239409693683    0    0    0    0    0    0    0    
348    15.455606346573411    0    0    0    0    0    0    0    
349    15.800210102536418    0    0    0    0    0    0    0    
350    13.3718623328508    0    0    0    0    0    0    0    
351    15.291138827111533    0    0    0    0    0    0    0    
352    15.070630082848014    0    0    0    0    0    0    0    
353    14.6772506080924    0    0    0    0    0    0    0    
354    15.202987000370822    0    0    0    0    0    0    0    
355    14.099701060404566    0    0    0    0    0    0    0    
356    14.884881350801752    0    0    0    0    0    0    0    
357    14.45689296758658    0    0    0    0    0    0    0    
358    13.452642127202253    0    0    0    0    0    0    0    
359    15.41269020667752    0    0    0    0    0    0    0    
360    13.747213906040406    0    0    0    0    0    0    0    
361    14.531989001363677    0    0    0    0    0    0    0    
362    13.85124296841017    0    0    0    0    0    0    0    
363    14.55842414413719    0    0    0    0    0    0    0    
364    14.537454453643338    0    0    0    0    0    0    0    
365    15.308446983198115    0    0    0    0    0    0    0    
366    13.969113281956862    0    0    0    0    0    0    0    
367    15.298354181003132    0    0    0    0    0    0    0    
368    15.331537577802969    0    0    0    0    0    0    0    
369    13.584344373398736    0    0    0    0    0    0    0    
370    13.297109344077434    0    0    0    0    0    0    0    
371    13.535846826104386    0    0    0    0    0    0    0    
372    15.011338353046096    0    0    0    0    0    0    0    
373    14.74717737804657    0    0    0    0    0    0    0    
374    13.833389072817843    0    0    0    0    0    0    0    
375    14.896631251832765    0    0    0    0    0    0    0    
376    15.320091186784836    0    0    0    0    0    0    0    
377    14.641589724363264    0    0    0    0    0    0    0    
378    15.118924573773795    0    0    0    0    0    0    0    
379    14.894362184333339    0    0    0    0    0    0    0    
380    14.670602499500198    0    0    0    0    0    0    0    
381    13.63434563158887    0    0    0    0    0    0    0    
382    15.255488896750636    0    0    0    0    0    0    0    
383    13.616826347967976    0    0    0    0    0    0    0    
384    16.613998573626304    0    0    0    0    0    0    0    
385    15.134224920545693    0    0    0    0    0    0    0    
386    13.349474163655806    0    0    0    0    0    0    0    
387    15.155700972014946    0    0    0    0    0    0    0    
388    14.702878293807128    0    0    0    0    0    0    0    
389    14.842255020406325    0    0    0    0    0    0    0    
390    13.518935351008457    0    0    0    0    0    0    0    
391    15.651548736807069    0    0    0    0    0    0    0    
392    13.360789057133195    0    0    0    0    0    0    0    
393    15.247724116875485    0    0    0    0    0    0    0    
394    15.688242920959262    0    0    0    0    0    0    0    
395    13.995035638498626    0    0    0    0    0    0    0    
396    14.614215138688595    0    0    0    0    0    0    0    
397    15.139829280904404    0    0    0    0    0    0    0    
398    15.244991576681763    0    0    0    0    0    0    0    
399    15.090861333013203    0    0    0    0    0    0    0    
400    14.215889619729822    0    0    0    0    0    0    0    
401    13.667231700717743    0    0    0    0    0    0    0    
402    15.836549417687943    0    0    0    0    0    0    0    
403    13.379178816927354    0    0    0    0    0    0    0    
404    13.721807391234005    0    0    0    0    0    0    0    
405    13.016249930353457    0    0    0    0    0    0    0    
406    13.642936532069541    0    0    0    0    0    0    0    
407    14.82124971144855    0    0    0    0    0    0    0    
408    15.636766993463134    0    0    0    0    0    0    0    
409    15.017883789191341    0    0    0    0    0    0    0    
410    14.625681888176006    0    0    0    0    0    0    0    
411    15.606259686434063    0    0    0    0    0    0    0    
412    15.470473383494959    0    0    0    0    0    0    0    
413    14.561631573872035    0    0    0    0    0    0    0    
414    13.766345598282463    0    0    0    0    0    0    0    
415    15.830460880116615    0    0    0    0    0    0    0    
416    14.432064928496466    0    0    0    0    0    0    0    
417    14.39975652848442    0    0    0    0    0    0    0    
418    14.660222225937662    0    0    0    0    0    0    0    
419    16.172258473705572    0    0    0    0    0    0    0    
420    14.901766727507557    0    0    0    0    0    0    0    
421    13.99517585229572    0    0    0    0    0    0    0    
422    14.11952026992133    0    0    0    0    0    0    0    
423    14.335188376809992    0    0    0    0    0    0    0    
424    15.716519403125584    0    0    0    0    0    0    0    
425    13.91601653142489    0    0    0    0    0    0    0    
426    14.074020197867867    0    0    0    0    0    0    0    
427    14.17799538778224    0    0    0    0    0    0    0    
428    14.929649531950535    0    0    0    0    0    0    0    
429    14.747911529785654    0    0    0    0    0    0    0    
430    13.816351908153745    0    0    0    0    0    0    0    
431    14.073985086945028    0    0    0    0    0    0    0    
432    13.53335138262138    0    0    0    0    0    0    0    
433    13.929326915939757    0    0    0    0    0    0    0    
434    16.4318185410759    0    0    0    0    0    0    0    
435    14.95484025476456    0    0    0    0    0    0    0    
436    14.32394800069655    0    0    0    0    0    0    0    
437    15.200501098660796    0    0    0    0    0    0    0    
438    14.73555786215918    0    0    0    0    0    0    0    
439    15.459067491155556    0    0    0    0    0    0    0    
440    14.01062460451776    0    0    0    0    0    0    0    
441    13.612606164839912    0    0    0    0    0    0    0    
442    14.903335247586893    0    0    0    0    0    0    0    
443    14.78695192629997    0    0    0    0    0    0    0    
444    15.67173953111869    0    0    0    0    0    0    0    
445    14.770774008740567    0    0    0    0    0    0    0    
446    14.667584547212787    0    0    0    0    0    0    0    
447    13.519604215926696    0    0    0    0    0    0    0    
448    15.449233811866463    0    0    0    0    0    0    0    
449    15.445281759794542    0    0    0    0    0    0    0    
450    15.051453961613324    0    0    0    0    0    0    0    
451    16.068255431186774    0    0    0    0    0    0    0    
452    13.589910066533381    0    0    0    0    0    0    0    
453    15.03610714497997    0    0    0    0    0    0    0    
454    14.324541924363652    0    0    0    0    0    0    0    
455    14.91190328427721    0    0    0    0    0    0    0    
456    15.494443764480026    0    0    0    0    0    0    0    
457    15.324359981972764    0    0    0    0    0    0    0    
458    15.799961712687153    0    0    0    0    0    0    0    
459    14.671916895639    0    0    0    0    0    0    0    
460    13.745076089822255    0    0    0    0    0    0    0    
461    15.521467500909987    0    0    0    0    0    0    0    
462    15.369489004904334    0    0    0    0    0    0    0    
463    13.63880762779478    0    0    0    0    0    0    0    
464    12.782573180665642    0    0    0    0    0    0    0    
465    14.224839312356307    0    0    0    0    0    0    0    
466    15.190627193177779    0    0    0    0    0    0    0    
467    14.022993963347654    0    0    0    0    0    0    0    
468    14.199707776358666    0    0    0    0    0    0    0    
469    16.102306996873736    0    0    0    0    0    0    0    
470    14.136237859981847    0    0    0    0    0    0    0    
471    15.151456445866506    0    0    0    0    0    0    0    
472    13.451980673750063    0    0    0    0    0    0    0    
473    16.03716103795903    0    0    0    0    0    0    0    
474    14.964319265149566    0    0    0    0    0    0    0    
475    14.21646291538227    0    0    0    0    0    0    0    
476    16.103905941718487    0    0    0    0    0    0    0    
477    16.101392533866004    0    0    0    0    0    0    0    
478    15.852136535880758    0    0    0    0    0    0    0    
479    15.38422122019873    0    0    0    0    0    0    0    
480    14.707460575649723    0    0    0    0    0    0    0    
481    14.140390184073333    0    0    0    0    0    0    0    
482    15.059114863393589    0    0    0    0    0    0    0    
483    15.601630706187963    0    0    0    0    0    0    0    
484    13.912809882155122    0    0    0    0    0    0    0    
485    14.160313944774183    0    0    0    0    0    0    0    
486    15.16650873467841    0    0    0    0    0    0    0    
487    13.581683475432271    0    0    0    0    0    0    0    
488    14.932473791413273    0    0    0    0    0    0    0    
489    14.822694310006174    0    0    0    0    0    0    0    
490    14.97250528167279    0    0    0    0    0    0    0    
491    16.70078823119029    0    0    0    0    0    0    0    
492    13.860826604599248    0    0    0    0    0    0    0    
493    16.528382652409167    0    0    0    0    0    0    0    
494    13.585235498879452    0    0    0    0    0    0    0    
495    14.859749555006145    0    0    0    0    0    0    0    
496    14.468416666014283    0    0    0    0    0    0    0    
497    15.057466863425013    0    0    0    0    0    0    0    
498    14.81577728686622    0    0    0    0    0    0    0    
499    13.690295386861823    0    0    0    0    0    0    0    
500    13.840395498333354    0    0    0    0    0    0    0    
501    12.644301139998213    0    0    0    0    0    0    0    
502    16.30082582405386    0    0    0    0    0    0    0    
503    16.573770512797555    0    0    0    0    0    0    0    
504    13.941997776768734    0    0    0    0    0    0    0    
505    15.80201379192384    0    0    0    0    0    0    0    
506    13.923345439591143    0    0    0    0    0    0    0    
507    13.787973465944328    0    0    0    0    0    0    0    
508    15.582214008474285    0    0    0    0    0    0    0    
509    14.540803038179895    0    0    0    0    0    0    0    
510    14.618055220863498    0    0    0    0    0    0    0    
511    14.753069373562049    0    0    0    0    0    0    0    
512    14.183357957342961    0    0    0    0    0    0    0    
513    15.170226427064987    0    0    0    0    0    0    0    
514    15.466935904861103    0    0    0    0    0    0    0    
515    15.734184762546041    0    0    0    0    0    0    0    
516    13.932637113231543    0    0    0    0    0    0    0    
517    15.643515230556934    0    0    0    0    0    0    0    
518    14.127808809148895    0    0    0    0    0    0    0    
519    14.272479929502484    0    0    0    0    0    0    0    
520    15.639926645437066    0    0    0    0    0    0    0    
521    14.366460501143365    0    0    0    0    0    0    0    
522    14.601864968996228    0    0    0    0    0    0    0    
523    13.892400824172865    0    0    0    0    0    0    0    
524    15.628276707250654    0    0    0    0    0    0    0    
525    13.694346383789725    0    0    0    0    0    0    0    
526    14.984024797025768    0    0    0    0    0    0    0    
527    14.246324896646986    0    0    0    0    0    0    0    
528    13.787602010561862    0    0    0    0    0    0    0    
529    12.847298018810884    0    0    0    0    0    0    0    
530    14.817384508592552    0    0    0    0    0    0    0    
531    15.240340494441039    0    0    0    0    0    0    0    
532    14.97659839395866    0    0    0    0    0    0    0    
533    14.629602630729714    0    0    0    0    0    0    0    
534    13.91680033676221    0    0    0    0    0    0    0    
535    15.20685335581708    0    0    0    0    0    0    0    
536    14.40689248078345    0    0    0    0    0    0    0    
537    14.304952840097414    0    0    0    0    0    0    0    
538    14.622871674958722    0    0    0    0    0    0    0    
539    13.292214562061897    0    0    0    0    0    0    0    
540    14.745814698479869    0    0    0    0    0    0    0    
541    14.330042309538412    0    0    0    0    0    0    0    
542    14.195231176043377    0    0    0    0    0    0    0    
543    14.460301205642251    0    0    0    0    0    0    0    
544    13.193417441817282    0    0    0    0    0    0    0    
545    15.1401059835971    0    0    0    0    0    0    0    
546    15.396835972073212    0    0    0    0    0    0    0    
547    14.536122298912044    0    0    0    0    0    0    0    
548    15.17691071506117    0    0    0    0    0    0    0    
549    14.382373376915833    0    0    0    0    0    0    0    
550    14.961776488473719    0    0    0    0    0    0    0    
551    13.784258388888887    0    0    0    0    0    0    0    
552    13.36151872006418    0    0    0    0    0    0    0    
553    14.284992200542742    0    0    0    0    0    0    0    
554    15.373696586171416    0    0    0    0    0    0    0    
555    13.104925315201928    0    0    0    0    0    0    0    
556    14.648538929845172    0    0    0    0    0    0    0    
557    13.674712039013384    0    0    0    0    0    0    0    
558    14.837029983244499    0    0    0    0    0    0    0    
559    15.19658980192615    0    0    0    0    0    0    0    
560    14.963640617722984    0    0    0    0    0    0    0    
561    13.362633151049188    0    0    0    0    0    0    0    
562    14.404271684446245    0    0    0    0    0    0    0    
563    13.83026822666426    0    0    0    0    0    0    0    
564    13.516824600020529    0    0    0    0    0    0    0    
565    14.938468637918962    0    0    0    0    0    0    0    
566    14.423249499905522    0    0    0    0    0    0    0    
567    12.211724050019148    0    0    0    0    0    0    0    
568    14.001532465765216    0    0    0    0    0    0    0    
569    15.248687158109737    0    0    0    0    0    0    0    
570    14.231624251140559    0    0    0    0    0    0    0    
571    14.175217308896903    0    0    0    0    0    0    0    
572    14.405539196914168    0    0    0    0    0    0    0    
573    14.095595356435565    0    0    0    0    0    0    0    
574    14.53029870392757    0    0    0    0    0    0    0    
575    14.94052466245277    0    0    0    0    0    0    0    
576    13.072738384232483    0    0    0    0    0    0    0    
577    14.781970979455897    0    0    0    0    0    0    0    
578    12.85637680585244    0    0    0    0    0    0    0    
579    14.799743773903367    0    0    0    0    0    0    0    
580    15.015868643604152    0    0    0    0    0    0    0    
581    14.358310800153436    0    0    0    0    0    0    0    
582    14.885998626733082    0    0    0    0    0    0    0    
583    13.83916886805438    0    0    0    0    0    0    0    
584    14.78338408968471    0    0    0    0    0    0    0    
585    14.12295053828852    0    0    0    0    0    0    0    
586    14.168025538902432    0    0    0    0    0    0    0    
587    13.340902801983834    0    0    0    0    0    0    0    
588    15.164671140806824    0    0    0    0    0    0    0    
589    13.899807766826044    0    0    0    0    0    0    0    
590    15.193926160647235    0    0    0    0    0    0    0    
591    14.359678575158851    0    0    0    0    0    0    0    
592    15.199398344114059    0    0    0    0    0    0    0    
593    14.212844557526978    0    0    0    0    0    0    0    
594    15.434382828095861    0    0    0    0    0    0    0    
595    14.542125001788145    0    0    0    0    0    0    0    
596    12.971172426481392    0    0    0    0    0    0    0    
597    14.750803512110178    0    0    0    0    0    0    0    
598    14.496504778223862    0    0    0    0    0    0    0    
599    15.451876210202064    0    0    0    0    0    0    0    
600    15.078593594755192    0    0    0    0    0    0    0    
601    14.13024050715342    0    0    0    0    0    0    0    
602    14.719347886633235    0    0    0    0    0    0    0    
603    13.559077998097747    0    0    0    0    0    0    0    
604    13.919976210954621    0    0    0    0    0    0    0    
605    13.895321919100894    0    0    0    0    0    0    0    
606    15.13953672609697    0    0    0    0    0    0    0    
607    15.892909854980983    0    0    0    0    0    0    0    
608    14.918278139188674    0    0    0    0    0    0    0    
609    15.430102870836526    0    0    0    0    0    0    0    
610    15.334399617218697    0    0    0    0    0    0    0    
611    14.642033748714933    0    0    0    0    0    0    0    
612    13.459389295595969    0    0    0    0    0    0    0    
613    14.694969907428737    0    0    0    0    0    0    0    
614    14.739567915353655    0    0    0    0    0    0    0    
615    13.39158354712882    0    0    0    0    0    0    0    
616    14.7637202514108    0    0    0    0    0    0    0    
617    14.229839754689554    0    0    0    0    0    0    0    
618    14.461853220628694    0    0    0    0    0    0    0    
619    14.219714771772491    0    0    0    0    0    0    0    
620    13.742418304174326    0    0    0    0    0    0    0    
621    14.938461917430548    0    0    0    0    0    0    0    
622    14.732579096140684    0    0    0    0    0    0    0    
623    14.174868879505475    0    0    0    0    0    0    0    
624    15.4706429656406    0    0    0    0    0    0    0    
625    13.624701597764881    0    0    0    0    0    0    0    
626    16.23552717887731    0    0    0    0    0    0    0    
627    15.976488656266444    0    0    0    0    0    0    0    
628    15.710428559730342    0    0    0    0    0    0    0    
629    14.17869337260785    0    0    0    0    0    0    0    
630    14.606583739033951    0    0    0    0    0    0    0    
631    15.014886291075703    0    0    0    0    0    0    0    
632    14.978442075024157    0    0    0    0    0    0    0    
633    16.119190653713392    0    0    0    0    0    0    0    
634    14.891513456196522    0    0    0    0    0    0    0    
635    14.651719440260498    0    0    0    0    0    0    0    
636    14.268245699687771    0    0    0    0    0    0    0    
637    14.927096167121837    0    0    0    0    0    0    0    
638    13.87143821332357    0    0    0    0    0    0    0    
639    14.514755797803337    0    0    0    0    0    0    0    
640    15.105222728698589    0    0    0    0    0    0    0    
641    14.946109041031626    0    0    0    0    0    0    0    
642    15.672358558586874    0    0    0    0    0    0    0    
643    15.69258478702639    0    0    0    0    0    0    0    
644    15.700188110958472    0    0    0    0    0    0    0    
645    14.201644159610746    0    0    0    0    0    0    0    
646    14.237261831491637    0    0    0    0    0    0    0    
647    14.692553424409638    0    0    0    0    0    0    0    
648    13.902689958445958    0    0    0    0    0    0    0    
649    14.25501967197668    0    0    0    0    0    0    0    
650    14.205654420291534    0    0    0    0    0    0    0    
651    14.318882259322184    0    0    0    0    0    0    0    
652    13.617388927292101    0    0    0    0    0    0    0    
653    13.818352877389101    0    0    0    0    0    0    0    
654    14.910899672399843    0    0    0    0    0    0    0    
655    14.155458180977597    0    0    0    0    0    0    0    
656    13.676749400744084    0    0    0    0    0    0    0    
657    15.007596045204187    0    0    0    0    0    0    0    
658    14.807671510071664    0    0    0    0    0    0    0    
659    15.049102330271998    0    0    0    0    0    0    0    