! OpenFAST Deterministic Wind File
#
# Comment lines begin with "!" or "#" or "%", then the data lines must contain the following columns:
#
# If there are only 8 columns, upflow is assumed to be 0.
#
# Parameters are interpolated linearly between time steps; using nearest neighbor before the first time 
# listed in this file and after the last time listed in the file. 
#
! Time     Wind    Wind    Vertical    Horiz.      Pwr.Law     Lin.Vert.   Gust     Upflow
!          Speed   Dir     Speed       Shear       Vert.Shr    Shear       Speed    Angle 
! (sec)    (m/s)   (Deg)   (m/s)                                            (m/s)   (deg)
0    14.32443850491228    0    0    0    0    0    0    0    
1    15.503680048709782    0    0    0    0    0    0    0    
2    15.434005591103585    0    0    0    0    0    0    0    
3    15.876916958185554    0    0    0    0    0    0    0    
4    15.173224571317586    0    0    0    0    0    0    0    
5    14.515999595694705    0    0    0    0    0    0    0    
6    14.315334999561147    0    0    0    0    0    0    0    
7    14.799103299800224    0    0    0    0    0    0    0    
8    14.984497015858704    0    0    0    0    0    0    0    
9    14.165589881498049    0    0    0    0    0    0    0    
10    15.749647895891352    0    0    0    0    0    0    0    
11    15.579835749355627    0    0    0    0    0    0    0    
12    14.854232927545398    0    0    0    0    0    0    0    
13    14.339795820560521    0    0    0    0    0    0    0    
14    15.812448386789946    0    0    0    0    0    0    0    
15    15.04582091394367    0    0    0    0    0    0    0    
16    16.147717080619376    0    0    0    0    0    0    0    
17    16.765852037225226    0    0    0    0    0    0    0    
18    14.867618878748429    0    0    0    0    0    0    0    
19    14.314248521691088    0    0    0    0    0    0    0    
20    14.454051141041957    0    0    0    0    0    0    0    
21    15.791763980417215    0    0    0    0    0    0    0    
22    14.852914587292089    0    0    0    0    0    0    0    
23    15.919835788745372    0    0    0    0    0    0    0    
24    14.990877697275009    0    0    0    0    0    0    0    
25    15.201421878420584    0    0    0    0    0    0    0    
26    14.139280021000504    0    0    0    0    0    0    0    
27    14.835062090890023    0    0    0    0    0    0    0    
28    15.335404042079796    0    0    0    0    0    0    0    
29    16.03333204889764    0    0    0    0    0    0    0    
30    14.10869608546548    0    0    0    0    0    0    0    
31    15.031105808133153    0    0    0    0    0    0    0    
32    13.95225884950716    0    0    0    0    0    0    0    
33    13.73292117128334    0    0    0    0    0    0    0    
34    14.8266672736344    0    0    0    0    0    0    0    
35    15.268064625385962    0    0    0    0    0    0    0    
36    15.430441344947896    0    0    0    0    0    0    0    
37    15.483168646491055    0    0    0    0    0    0    0    
38    14.727576614405804    0    0    0    0    0    0    0    
39    15.422630469382623    0    0    0    0    0    0    0    
40    15.028014768147553    0    0    0    0    0    0    0    
41    15.554376928322    0    0    0    0    0    0    0    
42    14.582581123000113    0    0    0    0    0    0    0    
43    14.497601249768765    0    0    0    0    0    0    0    
44    15.897154114545879    0    0    0    0    0    0    0    
45    14.472752165490302    0    0    0    0    0    0    0    
46    15.761257539301635    0    0    0    0    0    0    0    
47    14.902208410605805    0    0    0    0    0    0    0    
48    14.68403760612511    0    0    0    0    0    0    0    
49    14.927011061186047    0    0    0    0    0    0    0    
50    16.32330337665777    0    0    0    0    0    0    0    
51    14.59486426125507    0    0    0    0    0    0    0    
52    13.735204817807002    0    0    0    0    0    0    0    
53    15.065454203885999    0    0    0    0    0    0    0    
54    15.135152693649397    0    0    0    0    0    0    0    
55    15.201479944910274    0    0    0    0    0    0    0    
56    15.101699244617487    0    0    0    0    0    0    0    
57    15.916310079559345    0    0    0    0    0    0    0    
58    14.205493510459245    0    0    0    0    0    0    0    
59    13.567521480673236    0    0    0    0    0    0    0    
60    14.571911971726593    0    0    0    0    0    0    0    
61    14.782047300377162    0    0    0    0    0    0    0    
62    15.083679283080537    0    0    0    0    0    0    0    
63    16.36682642870665    0    0    0    0    0    0    0    
64    13.691842224279753    0    0    0    0    0    0    0    
65    13.432119422028663    0    0    0    0    0    0    0    
66    13.926734988902748    0    0    0    0    0    0    0    
67    14.000872781151605    0    0    0    0    0    0    0    
68    15.553094868406495    0    0    0    0    0    0    0    
69    14.259478019305494    0    0    0    0    0    0    0    
70    13.729600659697184    0    0    0    0    0    0    0    
71    14.650876692064307    0    0    0    0    0    0    0    
72    15.313980106661361    0    0    0    0    0    0    0    
73    14.203520825637561    0    0    0    0    0    0    0    
74    15.61756000218828    0    0    0    0    0    0    0    
75    15.190076775119632    0    0    0    0    0    0    0    
76    14.614216616303207    0    0    0    0    0    0    0    
77    15.41831785855834    0    0    0    0    0    0    0    
78    14.776921609099075    0    0    0    0    0    0    0    
79    15.202219057138207    0    0    0    0    0    0    0    
80    14.720835057004555    0    0    0    0    0    0    0    
81    14.985583404611935    0    0    0    0    0    0    0    
82    15.717938929407255    0    0    0    0    0    0    0    
83    14.742728452813358    0    0    0    0    0    0    0    
84    14.405638350726688    0    0    0    0    0    0    0    
85    15.978760205036576    0    0    0    0    0    0    0    
86    14.699121521973636    0    0    0    0    0    0    0    
87    13.896368763096547    0    0    0    0    0    0    0    
88    14.949058727664939    0    0    0    0    0    0    0    
89    14.734886002014191    0    0    0    0    0    0    0    
90    15.607845678178027    0    0    0    0    0    0    0    
91    15.481318229124456    0    0    0    0    0    0    0    
92    15.43061818976961    0    0    0    0    0    0    0    
93    15.126345493690835    0    0    0    0    0    0    0    
94    15.087239727234413    0    0    0    0    0    0    0    
95    15.24927785069285    0    0    0    0    0    0    0    
96    15.10509192403134    0    0    0    0    0    0    0    
97    13.577902587752515    0    0    0    0    0    0    0    
98    14.69243023629074    0    0    0    0    0    0    0    
99    16.169623977178205    0    0    0    0    0    0    0    
100    15.820176020794568    0    0    0    0    0    0    0    
101    14.126340205498602    0    0    0    0    0    0    0    
102    14.914300040976366    0    0    0    0    0    0    0    
103    13.444138938231276    0    0    0    0    0    0    0    
104    13.557442346082974    0    0    0    0    0    0    0    
105    14.150453442832452    0    0    0    0    0    0    0    
106    13.936355237665463    0    0    0    0    0    0    0    
107    14.44917829954094    0    0    0    0    0    0    0    
108    16.0536433205191    0    0    0    0    0    0    0    
109    15.827512343757093    0    0    0    0    0    0    0    
110    13.91784253805636    0    0    0    0    0    0    0    
111    14.53214115422164    0    0    0    0    0    0    0    
112    15.535054077567866    0    0    0    0    0    0    0    
113    15.135764544190627    0    0    0    0    0    0    0    
114    14.536361899123444    0    0    0    0    0    0    0    
115    15.036662718787307    0    0    0    0    0    0    0    
116    14.701738770968426    0    0    0    0    0    0    0    
117    13.659384477667196    0    0    0    0    0    0    0    
118    15.309859442631222    0    0    0    0    0    0    0    
119    13.410525210873717    0    0    0    0    0    0    0    
120    14.234567348021791    0    0    0    0    0    0    0    
121    14.297975841643797    0    0    0    0    0    0    0    
122    15.42681491719127    0    0    0    0    0    0    0    
123    16.690218605374366    0    0    0    0    0    0    0    
124    14.660114896233871    0    0    0    0    0    0    0    
125    13.916971582282216    0    0    0    0    0    0    0    
126    15.18367305897703    0    0    0    0    0    0    0    
127    16.354479273062626    0    0    0    0    0    0    0    
128    16.102957238754907    0    0    0    0    0    0    0    
129    15.33230051571544    0    0    0    0    0    0    0    
130    13.13594741465366    0    0    0    0    0    0    0    
131    15.052107931151005    0    0    0    0    0    0    0    
132    14.552993751126245    0    0    0    0    0    0    0    
133    16.02177613427692    0    0    0    0    0    0    0    
134    13.951276178889648    0    0    0    0    0    0    0    
135    14.287473090368616    0    0    0    0    0    0    0    
136    16.420876602032216    0    0    0    0    0    0    0    
137    13.894088994913506    0    0    0    0    0    0    0    
138    14.963829494887639    0    0    0    0    0    0    0    
139    13.439237769005917    0    0    0    0    0    0    0    
140    15.80903245797225    0    0    0    0    0    0    0    
141    13.705512716815637    0    0    0    0    0    0    0    
142    14.415802539831962    0    0    0    0    0    0    0    
143    14.578055764401842    0    0    0    0    0    0    0    
144    15.32105111931191    0    0    0    0    0    0    0    
145    14.907860796655973    0    0    0    0    0    0    0    
146    15.137407674981624    0    0    0    0    0    0    0    
147    13.669833705925429    0    0    0    0    0    0    0    
148    14.369743469272656    0    0    0    0    0    0    0    
149    14.914016427530537    0    0    0    0    0    0    0    
150    14.080501650267038    0    0    0    0    0    0    0    
151    14.157098742937617    0    0    0    0    0    0    0    
152    15.168303866798679    0    0    0    0    0    0    0    
153    14.58306811089865    0    0    0    0    0    0    0    
154    15.651525729356312    0    0    0    0    0    0    0    
155    15.888831733954571    0    0    0    0    0    0    0    
156    14.688099808424369    0    0    0    0    0    0    0    
157    16.13047049523448    0    0    0    0    0    0    0    
158    15.415712092719032    0    0    0    0    0    0    0    
159    14.682235556009333    0    0    0    0    0    0    0    
160    15.833714281226465    0    0    0    0    0    0    0    
161    16.500464653328926    0    0    0    0    0    0    0    
162    15.099391115369697    0    0    0    0    0    0    0    
163    14.944096485397505    0    0    0    0    0    0    0    
164    14.716323410834372    0    0    0    0    0    0    0    
165    15.188338364747981    0    0    0    0    0    0    0    
166    13.65729317433894    0    0    0    0    0    0    0    
167    14.142558893391959    0    0    0    0    0    0    0    
168    15.613219569909669    0    0    0    0    0    0    0    
169    14.48670170289919    0    0    0    0    0    0    0    
170    16.08468956145155    0    0    0    0    0    0    0    
171    14.305406768794102    0    0    0    0    0    0    0    
172    14.6000806342151    0    0    0    0    0    0    0    
173    15.418655781956488    0    0    0    0    0    0    0    
174    14.63994084784854    0    0    0    0    0    0    0    
175    14.380069491770351    0    0    0    0    0    0    0    
176    15.204750599165784    0    0    0    0    0    0    0    
177    15.529403721943149    0    0    0    0    0    0    0    
178    13.414905927212416    0    0    0    0    0    0    0    
179    14.34512335480059    0    0    0    0    0    0    0    
180    14.576788844605598    0    0    0    0    0    0    0    
181    13.994030823702989    0    0    0    0    0    0    0    
182    13.77457593164244    0    0    0    0    0    0    0    
183    13.8880691915378    0    0    0    0    0    0    0    
184    14.333985681859042    0    0    0    0    0    0    0    
185    15.374438957809959    0    0    0    0    0    0    0    
186    14.811518134373385    0    0    0    0    0    0    0    
187    14.957049051520018    0    0    0    0    0    0    0    
188    13.995932775660412    0    0    0    0    0    0    0    
189    15.027039940768988    0    0    0    0    0    0    0    
190    14.83013582686972    0    0    0    0    0    0    0    
191    14.994721297153    0    0    0    0    0    0    0    
192    14.959683415754029    0    0    0    0    0    0    0    
193    16.539906771072246    0    0    0    0    0    0    0    
194    13.952044341790227    0    0    0    0    0    0    0    
195    14.686758099345456    0    0    0    0    0    0    0    
196    13.464265211431279    0    0    0    0    0    0    0    
197    13.677782730216219    0    0    0    0    0    0    0    
198    14.916528191967963    0    0    0    0    0    0    0    
199    14.225415499087536    0    0    0    0    0    0    0    
200    13.804061697333736    0    0    0    0    0    0    0    
201    15.253342608504202    0    0    0    0    0    0    0    
202    14.83943406732416    0    0    0    0    0    0    0    
203    15.907101862155152    0    0    0    0    0    0    0    
204    14.643526569609199    0    0    0    0    0    0    0    
205    14.399259250637591    0    0    0    0    0    0    0    
206    14.583246513892819    0    0    0    0    0    0    0    
207    13.643088463392559    0    0    0    0    0    0    0    
208    13.679630268553206    0    0    0    0    0    0    0    
209    14.581439645150624    0    0    0    0    0    0    0    
210    15.752654254211755    0    0    0    0    0    0    0    
211    16.31442827503698    0    0    0    0    0    0    0    
212    13.89616851857405    0    0    0    0    0    0    0    
213    14.739449953763256    0    0    0    0    0    0    0    
214    13.78569433076026    0    0    0    0    0    0    0    
215    14.478517022999416    0    0    0    0    0    0    0    
216    15.603803269024771    0    0    0    0    0    0    0    
217    14.704532869695157    0    0    0    0    0    0    0    
218    13.338868333654869    0    0    0    0    0    0    0    
219    14.920425136531753    0    0    0    0    0    0    0    
220    14.749321857533076    0    0    0    0    0    0    0    
221    15.718810448638207    0    0    0    0    0    0    0    
222    13.539644380010325    0    0    0    0    0    0    0    
223    14.759995785284383    0    0    0    0    0    0    0    
224    13.601237083228725    0    0    0    0    0    0    0    
225    13.7585759768924    0    0    0    0    0    0    0    
226    13.86579628021471    0    0    0    0    0    0    0    
227    16.050698078362874    0    0    0    0    0    0    0    
228    15.070588509068546    0    0    0    0    0    0    0    
229    14.053240241308831    0    0    0    0    0    0    0    
230    14.854966006327775    0    0    0    0    0    0    0    
231    15.403860793048224    0    0    0    0    0    0    0    
232    13.616052470189802    0    0    0    0    0    0    0    
233    13.146650002136187    0    0    0    0    0    0    0    
234    15.360981710400416    0    0    0    0    0    0    0    
235    15.241938838765837    0    0    0    0    0    0    0    
236    15.011875911664285    0    0    0    0    0    0    0    
237    15.527758098482021    0    0    0    0    0    0    0    
238    14.111539708020127    0    0    0    0    0    0    0    
239    14.25735983120759    0    0    0    0    0    0    0    
240    15.7761975397514    0    0    0    0    0    0    0    
241    15.432922889951925    0    0    0    0    0    0    0    
242    15.128353746905155    0    0    0    0    0    0    0    
243    15.75307119889488    0    0    0    0    0    0    0    
244    14.514217062010028    0    0    0    0    0    0    0    
245    15.10531955321828    0    0    0    0    0    0    0    
246    14.956160739682126    0    0    0    0    0    0    0    
247    14.851412146829983    0    0    0    0    0    0    0    
248    15.326054867332108    0    0    0    0    0    0    0    
249    14.583483763449472    0    0    0    0    0    0    0    
250    13.32963354623729    0    0    0    0    0    0    0    
251    15.192193321109048    0    0    0    0    0    0    0    
252    14.55240804134716    0    0    0    0    0    0    0    
253    14.997177185573685    0    0    0    0    0    0    0    
254    15.639982277371201    0    0    0    0    0    0    0    
255    15.071528275842052    0    0    0    0    0    0    0    
256    15.548045507910897    0    0    0    0    0    0    0    
257    14.920663764546331    0    0    0    0    0    0    0    
258    14.34139396041704    0    0    0    0    0    0    0    
259    14.827219558622287    0    0    0    0    0    0    0    
260    15.121795292118865    0    0    0    0    0    0    0    
261    14.108452948040474    0    0    0    0    0    0    0    
262    14.737872564712807    0    0    0    0    0    0    0    
263    14.351932394176787    0    0    0    0    0    0    0    
264    15.718756787688822    0    0    0    0    0    0    0    
265    14.744947823121654    0    0    0    0    0    0    0    
266    14.682072628825173    0    0    0    0    0    0    0    
267    15.305875907381893    0    0    0    0    0    0    0    
268    14.004461382499246    0    0    0    0    0    0    0    
269    15.864082108346674    0    0    0    0    0    0    0    
270    15.247048003700007    0    0    0    0    0    0    0    
271    13.530746932917848    0    0    0    0    0    0    0    
272    15.663134833883253    0    0    0    0    0    0    0    
273    15.615381964530906    0    0    0    0    0    0    0    
274    15.121099995940918    0    0    0    0    0    0    0    
275    14.731975763849697    0    0    0    0    0    0    0    
276    14.552276378799553    0    0    0    0    0    0    0    
277    14.41308346050303    0    0    0    0    0    0    0    
278    14.499873074842505    0    0    0    0    0    0    0    
279    15.749734696379619    0    0    0    0    0    0    0    
280    15.716915915934392    0    0    0    0    0    0    0    
281    14.801625681710274    0    0    0    0    0    0    0    
282    15.126975333322488    0    0    0    0    0    0    0    
283    14.972416761431385    0    0    0    0    0    0    0    
284    15.264187195613713    0    0    0    0    0    0    0    
285    14.168091148328612    0    0    0    0    0    0    0    
286    15.559520495121474    0    0    0    0    0    0    0    
287    14.399853180924634    0    0    0    0    0    0    0    
288    14.501747060738795    0    0    0    0    0    0    0    
289    14.672539445072655    0    0    0    0    0    0    0    
290    14.867957087271956    0    0    0    0    0    0    0    
291    14.186977336868708    0    0    0    0    0    0    0    
292    14.604255444095662    0    0    0    0    0    0    0    
293    14.250745946409761    0    0    0    0    0    0    0    
294    15.824151574775614    0    0    0    0    0    0    0    
295    16.06561396577034    0    0    0    0    0    0    0    
296    15.687652525470744    0    0    0    0    0    0    0    
297    14.764733871133979    0    0    0    0    0    0    0    
298    15.96117439333879    0    0    0    0    0    0    0    
299    14.566986120554196    0    0    0    0    0    0    0    
300    14.699510394582267    0    0    0    0    0    0    0    
301    15.12065630148411    0    0    0    0    0    0    0    
302    14.40299163798546    0    0    0    0    0    0    0    
303    15.700965027959452    0    0    0    0    0    0    0    
304    14.829644236341457    0    0    0    0    0    0    0    
305    13.962519945084455    0    0    0    0    0    0    0    
306    14.840624126417255    0    0    0    0    0    0    0    
307    14.748975019395868    0    0    0    0    0    0    0    
308    16.104079434353185    0    0    0    0    0    0    0    
309    14.184070075124698    0    0    0    0    0    0    0    
310    13.731768578546735    0    0    0    0    0    0    0    
311    14.296017658689756    0    0    0    0    0    0    0    
312    13.98722392428409    0    0    0    0    0    0    0    
313    15.231397163282933    0    0    0    0    0    0    0    
314    15.272971209154171    0    0    0    0    0    0    0    
315    15.014267830359849    0    0    0    0    0    0    0    
316    14.975787741331848    0    0    0    0    0    0    0    
317    15.339351088339114    0    0    0    0    0    0    0    
318    14.585989497886327    0    0    0    0    0    0    0    
319    15.897750857936266    0    0    0    0    0    0    0    
320    15.877015229711068    0    0    0    0    0    0    0    
321    15.321551414152687    0    0    0    0    0    0    0    
322    14.25822297950394    0    0    0    0    0    0    0    
323    15.138425292541024    0    0    0    0    0    0    0    
324    14.503838186353539    0    0    0    0    0    0    0    
325    15.124345019097646    0    0    0    0    0    0    0    
326    14.871160063243142    0    0    0    0    0    0    0    
327    15.753067331587065    0    0    0    0    0    0    0    
328    13.70706507684446    0    0    0    0    0    0    0    
329    14.12196018381276    0    0    0    0    0    0    0    
330    15.15908667372574    0    0    0    0    0    0    0    
331    15.606017106748936    0    0    0    0    0    0    0    
332    16.262322199678948    0    0    0    0    0    0    0    
333    15.13075698464324    0    0    0    0    0    0    0    
334    15.326894026360645    0    0    0    0    0    0    0    
335    14.276613778816067    0    0    0    0    0    0    0    
336    15.596994807746833    0    0    0    0    0    0    0    
337    14.916037233402273    0    0    0    0    0    0    0    
338    14.631790350298845    0    0    0    0    0    0    0    
339    15.199086191789874    0    0    0    0    0    0    0    
340    15.943764074863408    0    0    0    0    0    0    0    
341    14.335917542658384    0    0    0    0    0    0    0    
342    14.08953835361713    0    0    0    0    0    0    0    
343    13.826138193322628    0    0    0    0    0    0    0    
344    14.830538041376064    0    0    0    0    0    0    0    
345    15.706046453717743    0    0    0    0    0    0    0    
346    14.365894964100757    0    0    0    0    0    0    0    
347    14.385557110205086    0    0    0    0    0    0    0    
348    14.882865978381522    0    0    0    0    0    0    0    
349    15.901563739266084    0    0    0    0    0    0    0    
350    13.301392051719963    0    0    0    0    0    0    0    
351    15.175833960930385    0    0    0    0    0    0    0    
352    14.248886603583246    0    0    0    0    0    0    0    
353    14.285747070739248    0    0    0    0    0    0    0    
354    15.272257129303961    0    0    0    0    0    0    0    
355    15.11810354373176    0    0    0    0    0    0    0    
356    17.109415756044495    0    0    0    0    0    0    0    
357    15.075082372050884    0    0    0    0    0    0    0    
358    14.439145741754608    0    0    0    0    0    0    0    
359    15.602426105760472    0    0    0    0    0    0    0    
360    14.275306198273691    0    0    0    0    0    0    0    
361    15.27160506407939    0    0    0    0    0    0    0    
362    14.998695590007925    0    0    0    0    0    0    0    
363    14.68589266057726    0    0    0    0    0    0    0    
364    14.339578043986743    0    0    0    0    0    0    0    
365    14.945096342833521    0    0    0    0    0    0    0    
366    13.22159971423115    0    0    0    0    0    0    0    
367    15.137136081674702    0    0    0    0    0    0    0    
368    15.282735849964824    0    0    0    0    0    0    0    
369    13.495490840449124    0    0    0    0    0    0    0    
370    14.006191913417545    0    0    0    0    0    0    0    
371    15.434772014555769    0    0    0    0    0    0    0    
372    14.823754653790845    0    0    0    0    0    0    0    
373    15.936037107292602    0    0    0    0    0    0    0    
374    14.741757926356499    0    0    0    0    0    0    0    
375    14.090825647809456    0    0    0    0    0    0    0    
376    15.488260791548024    0    0    0    0    0    0    0    
377    14.302985748062707    0    0    0    0    0    0    0    
378    14.304500577300377    0    0    0    0    0    0    0    
379    15.813530683530525    0    0    0    0    0    0    0    
380    13.085152656491324    0    0    0    0    0    0    0    
381    14.621973221494603    0    0    0    0    0    0    0    
382    15.374628152597364    0    0    0    0    0    0    0    
383    14.870668094492551    0    0    0    0    0    0    0    
384    14.637347109341778    0    0    0    0    0    0    0    
385    14.607862922215727    0    0    0    0    0    0    0    
386    14.759678074950026    0    0    0    0    0    0    0    
387    15.056619960243442    0    0    0    0    0    0    0    
388    14.850390098155096    0    0    0    0    0    0    0    
389    14.501950172913686    0    0    0    0    0    0    0    
390    15.562378591226873    0    0    0    0    0    0    0    
391    15.610910753480054    0    0    0    0    0    0    0    
392    15.044668208090375    0    0    0    0    0    0    0    
393    16.566501738407204    0    0    0    0    0    0    0    
394    16.270389010022363    0    0    0    0    0    0    0    
395    15.710756909040601    0    0    0    0    0    0    0    
396    15.921780445895186    0    0    0    0    0    0    0    
397    13.902213558422817    0    0    0    0    0    0    0    
398    14.783141574865038    0    0    0    0    0    0    0    
399    15.41021318444933    0    0    0    0    0    0    0    
400    16.418103813865336    0    0    0    0    0    0    0    
401    15.129890415469067    0    0    0    0    0    0    0    
402    15.59134026174032    0    0    0    0    0    0    0    
403    14.685292963927703    0    0    0    0    0    0    0    
404    15.510047803259537    0    0    0    0    0    0    0    
405    14.865971771903626    0    0    0    0    0    0    0    
406    14.18764375244244    0    0    0    0    0    0    0    
407    15.832965644411228    0    0    0    0    0    0    0    
408    13.888572443029178    0    0    0    0    0    0    0    
409    13.865909558279983    0    0    0    0    0    0    0    
410    15.683640793118814    0    0    0    0    0    0    0    
411    14.53548505894047    0    0    0    0    0    0    0    
412    14.262762668576286    0    0    0    0    0    0    0    
413    14.543663753575137    0    0    0    0    0    0    0    
414    15.09458721149735    0    0    0    0    0    0    0    
415    15.397546213653992    0    0    0    0    0    0    0    
416    15.026460505959959    0    0    0    0    0    0    0    
417    15.541638238663591    0    0    0    0    0    0    0    
418    16.258129796302363    0    0    0    0    0    0    0    
419    14.052638811546629    0    0    0    0    0    0    0    
420    15.467491842008254    0    0    0    0    0    0    0    
421    14.175000396151813    0    0    0    0    0    0    0    
422    15.399764622791166    0    0    0    0    0    0    0    
423    14.510789932148073    0    0    0    0    0    0    0    
424    15.649424030468746    0    0    0    0    0    0    0    
425    14.840885022915632    0    0    0    0    0    0    0    
426    15.088779237706007    0    0    0    0    0    0    0    
427    15.60342563465285    0    0    0    0    0    0    0    
428    15.166530391771685    0    0    0    0    0    0    0    
429    15.646138668115707    0    0    0    0    0    0    0    
430    15.718891146985783    0    0    0    0    0    0    0    
431    14.203140530224994    0    0    0    0    0    0    0    
432    14.337248497139079    0    0    0    0    0    0    0    
433    13.525577959309164    0    0    0    0    0    0    0    
434    14.30612413986718    0    0    0    0    0    0    0    
435    14.558092347300134    0    0    0    0    0    0    0    
436    15.46862197805753    0    0    0    0    0    0    0    
437    14.459341584351955    0    0    0    0    0    0    0    
438    14.61043443159371    0    0    0    0    0    0    0    
439    13.80664657382192    0    0    0    0    0    0    0    
440    13.870926604407554    0    0    0    0    0    0    0    
441    15.333864319506459    0    0    0    0    0    0    0    
442    16.21277672692633    0    0    0    0    0    0    0    
443    14.783172918663432    0    0    0    0    0    0    0    
444    15.556576901376753    0    0    0    0    0    0    0    
445    14.403404342592241    0    0    0    0    0    0    0    
446    14.893608373277893    0    0    0    0    0    0    0    
447    14.709866340438682    0    0    0    0    0    0    0    
448    15.239508075422153    0    0    0    0    0    0    0    
449    15.440227876355994    0    0    0    0    0    0    0    
450    15.469927311760864    0    0    0    0    0    0    0    
451    14.55763138814925    0    0    0    0    0    0    0    
452    14.887461126028171    0    0    0    0    0    0    0    
453    15.070003508399891    0    0    0    0    0    0    0    
454    14.353637209824658    0    0    0    0    0    0    0    
455    15.802872565593661    0    0    0    0    0    0    0    
456    13.108929249525389    0    0    0    0    0    0    0    
457    14.78756820387175    0    0    0    0    0    0    0    
458    14.414191950618948    0    0    0    0    0    0    0    
459    16.72477021055808    0    0    0    0    0    0    0    
460    14.837910728847508    0    0    0    0    0    0    0    
461    15.435751302485492    0    0    0    0    0    0    0    
462    15.198058420118596    0    0    0    0    0    0    0    
463    14.15015453515191    0    0    0    0    0    0    0    
464    14.83462472909788    0    0    0    0    0    0    0    
465    14.305357902092227    0    0    0    0    0    0    0    
466    15.531606071454942    0    0    0    0    0    0    0    
467    15.287622588249523    0    0    0    0    0    0    0    
468    14.567910968112356    0    0    0    0    0    0    0    
469    14.146660118575861    0    0    0    0    0    0    0    
470    15.409777066209173    0    0    0    0    0    0    0    
471    14.379030140000394    0    0    0    0    0    0    0    
472    15.483067790664785    0    0    0    0    0    0    0    
473    14.432181786848314    0    0    0    0    0    0    0    
474    14.635219211313508    0    0    0    0    0    0    0    
475    14.409992926017274    0    0    0    0    0    0    0    
476    14.454719182375126    0    0    0    0    0    0    0    
477    15.80869443464703    0    0    0    0    0    0    0    
478    16.037616997378638    0    0    0    0    0    0    0    
479    14.222445021619375    0    0    0    0    0    0    0    
480    14.482822457875693    0    0    0    0    0    0    0    
481    16.05168077932106    0    0    0    0    0    0    0    
482    14.892098142296826    0    0    0    0    0    0    0    
483    14.168665078025162    0    0    0    0    0    0    0    
484    14.39306712377978    0    0    0    0    0    0    0    
485    15.341068957560584    0    0    0    0    0    0    0    
486    14.826915099049483    0    0    0    0    0    0    0    
487    15.184598934279741    0    0    0    0    0    0    0    
488    14.380336420063303    0    0    0    0    0    0    0    
489    15.062077676373843    0    0    0    0    0    0    0    
490    14.937806702190638    0    0    0    0    0    0    0    
491    15.541960960863282    0    0    0    0    0    0    0    
492    14.559006877345977    0    0    0    0    0    0    0    
493    15.797870700432972    0    0    0    0    0    0    0    
494    14.72089227632265    0    0    0    0    0    0    0    
495    14.922003293183355    0    0    0    0    0    0    0    
496    15.091244931810104    0    0    0    0    0    0    0    
497    15.591432542007002    0    0    0    0    0    0    0    
498    15.779658441728452    0    0    0    0    0    0    0    
499    14.907824968244961    0    0    0    0    0    0    0    
500    14.650361627073133    0    0    0    0    0    0    0    
501    13.461720286624105    0    0    0    0    0    0    0    
502    15.571047605618169    0    0    0    0    0    0    0    
503    13.731580524240737    0    0    0    0    0    0    0    
504    15.038702587797843    0    0    0    0    0    0    0    
505    13.945186788784579    0    0    0    0    0    0    0    
506    13.683856443055461    0    0    0    0    0    0    0    
507    16.0722952290442    0    0    0    0    0    0    0    
508    16.652162103423013    0    0    0    0    0    0    0    
509    14.831671389474634    0    0    0    0    0    0    0    
510    14.846398792495833    0    0    0    0    0    0    0    
511    14.553885973531727    0    0    0    0    0    0    0    
512    15.31549015371933    0    0    0    0    0    0    0    
513    14.876165967344992    0    0    0    0    0    0    0    
514    14.165527678836714    0    0    0    0    0    0    0    
515    15.68185789681802    0    0    0    0    0    0    0    
516    14.206081356546212    0    0    0    0    0    0    0    
517    16.00506474040193    0    0    0    0    0    0    0    
518    14.460173913090443    0    0    0    0    0    0    0    
519    16.30708665378692    0    0    0    0    0    0    0    
520    15.334454266425363    0    0    0    0    0    0    0    
521    14.472378115972884    0    0    0    0    0    0    0    
522    14.012495733421428    0    0    0    0    0    0    0    
523    14.781890104916965    0    0    0    0    0    0    0    
524    14.716921942574812    0    0    0    0    0    0    0    
525    16.22769872808882    0    0    0    0    0    0    0    
526    14.878185235696613    0    0    0    0    0    0    0    
527    14.840034417156325    0    0    0    0    0    0    0    
528    14.29909667206948    0    0    0    0    0    0    0    
529    16.405706361674603    0    0    0    0    0    0    0    
530    17.094765179872653    0    0    0    0    0    0    0    
531    15.746347010485819    0    0    0    0    0    0    0    
532    13.50121467296561    0    0    0    0    0    0    0    
533    13.687114769999305    0    0    0    0    0    0    0    
534    14.335085939607747    0    0    0    0    0    0    0    
535    12.991335643171011    0    0    0    0    0    0    0    
536    14.460725609190245    0    0    0    0    0    0    0    
537    14.831650850050101    0    0    0    0    0    0    0    
538    14.581315803247003    0    0    0    0    0    0    0    
539    15.286263854964464    0    0    0    0    0    0    0    
540    14.734388396841249    0    0    0    0    0    0    0    
541    14.93110153111053    0    0    0    0    0    0    0    
542    14.591984458617404    0    0    0    0    0    0    0    
543    13.19446447163491    0    0    0    0    0    0    0    
544    14.436647800080449    0    0    0    0    0    0    0    
545    14.450274528587425    0    0    0    0    0    0    0    
546    14.948437192737488    0    0    0    0    0    0    0    
547    14.124855839480604    0    0    0    0    0    0    0    
548    14.905246740869277    0    0    0    0    0    0    0    
549    15.118200878398635    0    0    0    0    0    0    0    
550    14.083611387122511    0    0    0    0    0    0    0    
551    13.239820421325707    0    0    0    0    0    0    0    
552    13.239459707733005    0    0    0    0    0    0    0    
553    16.474771802543465    0    0    0    0    0    0    0    
554    15.245459584047111    0    0    0    0    0    0    0    
555    13.928763016783098    0    0    0    0    0    0    0    
556    14.239095084173819    0    0    0    0    0    0    0    
557    14.613254425231172    0    0    0    0    0    0    0    
558    14.551446295145581    0    0    0    0    0    0    0    
559    16.03036423465403    0    0    0    0    0    0    0    
560    15.020881785984752    0    0    0    0    0    0    0    
561    16.805374485778053    0    0    0    0    0    0    0    
562    15.146492271712235    0    0    0    0    0    0    0    
563    16.299703487195877    0    0    0    0    0    0    0    
564    14.464625541719498    0    0    0    0    0    0    0    
565    14.678153693492751    0    0    0    0    0    0    0    
566    14.329119015293735    0    0    0    0    0    0    0    
567    14.47454157959073    0    0    0    0    0    0    0    
568    14.740896026770898    0    0    0    0    0    0    0    
569    14.547436160920508    0    0    0    0    0    0    0    
570    15.14540535286403    0    0    0    0    0    0    0    
571    13.08144305453046    0    0    0    0    0    0    0    
572    14.922589525277521    0    0    0    0    0    0    0    
573    16.447677561992233    0    0    0    0    0    0    0    
574    14.665057895139409    0    0    0    0    0    0    0    
575    13.66622909521388    0    0    0    0    0    0    0    
576    15.602409349677346    0    0    0    0    0    0    0    
577    14.32146231574413    0    0    0    0    0    0    0    
578    15.43697178349753    0    0    0    0    0    0    0    
579    14.677053100109518    0    0    0    0    0    0    0    
580    14.845156672678916    0    0    0    0    0    0    0    
581    15.21481203510876    0    0    0    0    0    0    0    
582    14.79924825570342    0    0    0    0    0    0    0    
583    15.563802190748397    0    0    0    0    0    0    0    
584    15.382492486714366    0    0    0    0    0    0    0    
585    15.165366674628192    0    0    0    0    0    0    0    
586    14.0477971405218    0    0    0    0    0    0    0    
587    13.704688439559346    0    0    0    0    0    0    0    
588    13.445158051275426    0    0    0    0    0    0    0    
589    14.379553540323279    0    0    0    0    0    0    0    
590    15.187396799117321    0    0    0    0    0    0    0    
591    13.141146802598024    0    0    0    0    0    0    0    
592    15.025279885647027    0    0    0    0    0    0    0    
593    14.37059073334022    0    0    0    0    0    0    0    
594    15.581486118492979    0    0    0    0    0    0    0    
595    14.420861433175276    0    0    0    0    0    0    0    
596    14.514802406837648    0    0    0    0    0    0    0    
597    15.06352153132661    0    0    0    0    0    0    0    
598    14.875527492488681    0    0    0    0    0    0    0    
599    15.20028698825499    0    0    0    0    0    0    0    
600    14.342403219995768    0    0    0    0    0    0    0    
601    15.456078103505035    0    0    0    0    0    0    0    
602    16.077013823901538    0    0    0    0    0    0    0    
603    14.032871983136632    0    0    0    0    0    0    0    
604    15.282956769039568    0    0    0    0    0    0    0    
605    14.132702744818776    0    0    0    0    0    0    0    
606    16.402636667365286    0    0    0    0    0    0    0    
607    14.688586875103224    0    0    0    0    0    0    0    
608    14.268475249808054    0    0    0    0    0    0    0    
609    15.019168670665719    0    0    0    0    0    0    0    
610    13.90921344161897    0    0    0    0    0    0    0    
611    14.041260279913907    0    0    0    0    0    0    0    
612    14.448056437291378    0    0    0    0    0    0    0    
613    13.741396484194086    0    0    0    0    0    0    0    
614    14.826220824013939    0    0    0    0    0    0    0    
615    14.874405450068954    0    0    0    0    0    0    0    
616    14.909061758152545    0    0    0    0    0    0    0    
617    15.044216348964472    0    0    0    0    0    0    0    
618    13.839992880477318    0    0    0    0    0    0    0    
619    14.5351458086306    0    0    0    0    0    0    0    
620    13.884462884372818    0    0    0    0    0    0    0    
621    15.677145027383151    0    0    0    0    0    0    0    
622    13.854179019547592    0    0    0    0    0    0    0    
623    15.757428218079237    0    0    0    0    0    0    0    
624    15.325379312026822    0    0    0    0    0    0    0    
625    15.054712143034683    0    0    0    0    0    0    0    
626    15.387457954471843    0    0    0    0    0    0    0    
627    15.064278551868998    0    0    0    0    0    0    0    
628    15.89452945243852    0    0    0    0    0    0    0    
629    14.227566702446515    0    0    0    0    0    0    0    
630    14.458076205780568    0    0    0    0    0    0    0    
631    14.433642189234979    0    0    0    0    0    0    0    
632    15.547124300584082    0    0    0    0    0    0    0    
633    15.688395089520546    0    0    0    0    0    0    0    
634    15.270632991736825    0    0    0    0    0    0    0    
635    14.495799322617492    0    0    0    0    0    0    0    
636    15.459341520426495    0    0    0    0    0    0    0    
637    14.35127799047703    0    0    0    0    0    0    0    
638    14.548678557386989    0    0    0    0    0    0    0    
639    14.582310823984844    0    0    0    0    0    0    0    
640    14.509803269296125    0    0    0    0    0    0    0    
641    14.203617938965674    0    0    0    0    0    0    0    
642    15.53114510757445    0    0    0    0    0    0    0    
643    15.425142615159787    0    0    0    0    0    0    0    
644    13.117580973275011    0    0    0    0    0    0    0    
645    15.359153047586618    0    0    0    0    0    0    0    
646    14.192603892662977    0    0    0    0    0    0    0    
647    14.930199094120459    0    0    0    0    0    0    0    
648    13.970419087723984    0    0    0    0    0    0    0    
649    15.475271981732373    0    0    0    0    0    0    0    
650    15.974313114625023    0    0    0    0    0    0    0    
651    14.246663602855076    0    0    0    0    0    0    0    
652    14.936360436062014    0    0    0    0    0    0    0    
653    15.60440447669773    0    0    0    0    0    0    0    
654    14.60358360508929    0    0    0    0    0    0    0    
655    14.111520026841944    0    0    0    0    0    0    0    
656    16.370135108301277    0    0    0    0    0    0    0    
657    14.722420754105235    0    0    0    0    0    0    0    
658    14.124242094073841    0    0    0    0    0    0    0    
659    14.79075941566203    0    0    0    0    0    0    0    