! OpenFAST Deterministic Wind File
#
# Comment lines begin with "!" or "#" or "%", then the data lines must contain the following columns:
#
# If there are only 8 columns, upflow is assumed to be 0.
#
# Parameters are interpolated linearly between time steps; using nearest neighbor before the first time 
# listed in this file and after the last time listed in the file. 
#
! Time     Wind    Wind    Vertical    Horiz.      Pwr.Law     Lin.Vert.   Gust     Upflow
!          Speed   Dir     Speed       Shear       Vert.Shr    Shear       Speed    Angle 
! (sec)    (m/s)   (Deg)   (m/s)                                            (m/s)   (deg)
0    15.240902332180655    0    0    0    0    0    0    0    
1    15.309919931139554    0    0    0    0    0    0    0    
2    15.021959061147985    0    0    0    0    0    0    0    
3    15.449528369619626    0    0    0    0    0    0    0    
4    15.044123805443153    0    0    0    0    0    0    0    
5    15.764164860906545    0    0    0    0    0    0    0    
6    15.191596431086817    0    0    0    0    0    0    0    
7    15.614301892785049    0    0    0    0    0    0    0    
8    15.28750093570139    0    0    0    0    0    0    0    
9    14.896558374763325    0    0    0    0    0    0    0    
10    15.608220160107026    0    0    0    0    0    0    0    
11    14.688299766846512    0    0    0    0    0    0    0    
12    15.23868307804419    0    0    0    0    0    0    0    
13    14.767575651343273    0    0    0    0    0    0    0    
14    14.35007150216483    0    0    0    0    0    0    0    
15    16.460596883837173    0    0    0    0    0    0    0    
16    15.443881660678029    0    0    0    0    0    0    0    
17    14.859180709784976    0    0    0    0    0    0    0    
18    14.733604005385146    0    0    0    0    0    0    0    
19    16.11020578617774    0    0    0    0    0    0    0    
20    15.302158860647207    0    0    0    0    0    0    0    
21    15.318624344123961    0    0    0    0    0    0    0    
22    15.215538694341795    0    0    0    0    0    0    0    
23    15.53433071894295    0    0    0    0    0    0    0    
24    14.952175756622525    0    0    0    0    0    0    0    
25    15.487323775327635    0    0    0    0    0    0    0    
26    15.67561782341088    0    0    0    0    0    0    0    
27    15.7309665669059    0    0    0    0    0    0    0    
28    14.623859441158961    0    0    0    0    0    0    0    
29    15.329146637885463    0    0    0    0    0    0    0    
30    15.434410153313248    0    0    0    0    0    0    0    
31    15.090319356063974    0    0    0    0    0    0    0    
32    15.337416536893985    0    0    0    0    0    0    0    
33    15.604925832432201    0    0    0    0    0    0    0    
34    15.342384722835341    0    0    0    0    0    0    0    
35    13.979322532405549    0    0    0    0    0    0    0    
36    14.886895121477927    0    0    0    0    0    0    0    
37    16.321563943009828    0    0    0    0    0    0    0    
38    15.141789861601394    0    0    0    0    0    0    0    
39    15.883002837800095    0    0    0    0    0    0    0    
40    15.69845044105239    0    0    0    0    0    0    0    
41    14.779151558473712    0    0    0    0    0    0    0    
42    15.003408080903943    0    0    0    0    0    0    0    
43    15.456789527211251    0    0    0    0    0    0    0    
44    15.351256781398497    0    0    0    0    0    0    0    
45    14.436476908410652    0    0    0    0    0    0    0    
46    14.558700568046625    0    0    0    0    0    0    0    
47    15.115575338396132    0    0    0    0    0    0    0    
48    15.154068922354627    0    0    0    0    0    0    0    
49    14.817169440684044    0    0    0    0    0    0    0    
50    14.8820185353917    0    0    0    0    0    0    0    
51    15.153983100849484    0    0    0    0    0    0    0    
52    14.536265841131124    0    0    0    0    0    0    0    
53    14.060180713765599    0    0    0    0    0    0    0    
54    14.36854786497912    0    0    0    0    0    0    0    
55    15.386430654362703    0    0    0    0    0    0    0    
56    15.117841690202138    0    0    0    0    0    0    0    
57    14.843897587408717    0    0    0    0    0    0    0    
58    15.555929324970046    0    0    0    0    0    0    0    
59    14.353874550067195    0    0    0    0    0    0    0    
60    14.990157599355978    0    0    0    0    0    0    0    
61    15.810428040379396    0    0    0    0    0    0    0    
62    14.77416385200519    0    0    0    0    0    0    0    
63    14.480004159882398    0    0    0    0    0    0    0    
64    15.483426488313624    0    0    0    0    0    0    0    
65    15.500869770657077    0    0    0    0    0    0    0    
66    15.027710605527812    0    0    0    0    0    0    0    
67    15.042903266673035    0    0    0    0    0    0    0    
68    15.597005344809952    0    0    0    0    0    0    0    
69    14.655596828322135    0    0    0    0    0    0    0    
70    14.792606224154587    0    0    0    0    0    0    0    
71    15.774224948533975    0    0    0    0    0    0    0    
72    15.369559629479093    0    0    0    0    0    0    0    
73    14.335329853954214    0    0    0    0    0    0    0    
74    16.11843072459519    0    0    0    0    0    0    0    
75    15.140606455065504    0    0    0    0    0    0    0    
76    16.38135432700098    0    0    0    0    0    0    0    
77    15.348505084269588    0    0    0    0    0    0    0    
78    15.001478696944298    0    0    0    0    0    0    0    
79    15.669281684236152    0    0    0    0    0    0    0    
80    14.787797204626427    0    0    0    0    0    0    0    
81    15.230231721262719    0    0    0    0    0    0    0    
82    16.058297981944182    0    0    0    0    0    0    0    
83    15.298644216351624    0    0    0    0    0    0    0    
84    14.977861111221062    0    0    0    0    0    0    0    
85    16.3244395369725    0    0    0    0    0    0    0    
86    14.8635416065854    0    0    0    0    0    0    0    
87    15.54186389518361    0    0    0    0    0    0    0    
88    15.279991446433762    0    0    0    0    0    0    0    
89    15.603920083808486    0    0    0    0    0    0    0    
90    14.763624377622916    0    0    0    0    0    0    0    
91    15.491953029947194    0    0    0    0    0    0    0    
92    15.953791034042633    0    0    0    0    0    0    0    
93    14.947364544118225    0    0    0    0    0    0    0    
94    14.242398008705074    0    0    0    0    0    0    0    
95    14.086059590789205    0    0    0    0    0    0    0    
96    14.595310258737145    0    0    0    0    0    0    0    
97    14.804198206134505    0    0    0    0    0    0    0    
98    15.560702384518278    0    0    0    0    0    0    0    
99    15.47292496747535    0    0    0    0    0    0    0    
100    15.184689508878408    0    0    0    0    0    0    0    
101    14.391844557593265    0    0    0    0    0    0    0    
102    15.572822922888163    0    0    0    0    0    0    0    
103    14.943024142443194    0    0    0    0    0    0    0    
104    16.289274799310316    0    0    0    0    0    0    0    
105    15.074880946236174    0    0    0    0    0    0    0    
106    15.758821233886914    0    0    0    0    0    0    0    
107    14.532667128048674    0    0    0    0    0    0    0    
108    15.878905416346159    0    0    0    0    0    0    0    
109    15.192784792897445    0    0    0    0    0    0    0    
110    15.709707042563531    0    0    0    0    0    0    0    
111    15.341532984223237    0    0    0    0    0    0    0    
112    14.930808970385081    0    0    0    0    0    0    0    
113    15.200765010719671    0    0    0    0    0    0    0    
114    15.210678641161346    0    0    0    0    0    0    0    
115    15.224949803985288    0    0    0    0    0    0    0    
116    15.480520593554248    0    0    0    0    0    0    0    
117    14.939285066803048    0    0    0    0    0    0    0    
118    15.63239814031782    0    0    0    0    0    0    0    
119    15.870218379159265    0    0    0    0    0    0    0    
120    15.652851291024515    0    0    0    0    0    0    0    
121    14.239812405291023    0    0    0    0    0    0    0    
122    16.220686147082738    0    0    0    0    0    0    0    
123    15.121233073081486    0    0    0    0    0    0    0    
124    14.625676793426187    0    0    0    0    0    0    0    
125    15.938118950457769    0    0    0    0    0    0    0    
126    14.790508970552622    0    0    0    0    0    0    0    
127    15.712849522532407    0    0    0    0    0    0    0    
128    15.611140231346866    0    0    0    0    0    0    0    
129    15.299322916004801    0    0    0    0    0    0    0    
130    15.251145046295523    0    0    0    0    0    0    0    
131    14.826097044608286    0    0    0    0    0    0    0    
132    14.983461771788958    0    0    0    0    0    0    0    
133    15.960026563650313    0    0    0    0    0    0    0    
134    15.397431179663275    0    0    0    0    0    0    0    
135    15.055636266514746    0    0    0    0    0    0    0    
136    15.276673482984199    0    0    0    0    0    0    0    
137    15.476030689634756    0    0    0    0    0    0    0    
138    16.012044429107064    0    0    0    0    0    0    0    
139    15.133311191245506    0    0    0    0    0    0    0    
140    14.798125499111816    0    0    0    0    0    0    0    
141    15.894409980727428    0    0    0    0    0    0    0    
142    14.689332849073619    0    0    0    0    0    0    0    
143    15.673762566522424    0    0    0    0    0    0    0    
144    15.689143455070308    0    0    0    0    0    0    0    
145    15.333995163774079    0    0    0    0    0    0    0    
146    15.088821904641108    0    0    0    0    0    0    0    
147    15.080432188426848    0    0    0    0    0    0    0    
148    15.113444256200646    0    0    0    0    0    0    0    
149    15.026658047192857    0    0    0    0    0    0    0    
150    15.620887482956428    0    0    0    0    0    0    0    
151    15.110319877522734    0    0    0    0    0    0    0    
152    15.111107724205588    0    0    0    0    0    0    0    
153    15.33212790485556    0    0    0    0    0    0    0    
154    14.780268338206739    0    0    0    0    0    0    0    
155    14.975423174076608    0    0    0    0    0    0    0    
156    14.66681965585463    0    0    0    0    0    0    0    
157    14.604235884451704    0    0    0    0    0    0    0    
158    15.313887811827753    0    0    0    0    0    0    0    
159    15.862432066018576    0    0    0    0    0    0    0    
160    15.042819416817053    0    0    0    0    0    0    0    
161    14.13425578007333    0    0    0    0    0    0    0    
162    14.962605990587305    0    0    0    0    0    0    0    
163    15.293066984205636    0    0    0    0    0    0    0    
164    14.868639182346566    0    0    0    0    0    0    0    
165    15.65875818859147    0    0    0    0    0    0    0    
166    14.440485543208188    0    0    0    0    0    0    0    
167    14.994774692524443    0    0    0    0    0    0    0    
168    14.562992630062746    0    0    0    0    0    0    0    
169    15.54396579223792    0    0    0    0    0    0    0    
170    15.286012754571109    0    0    0    0    0    0    0    
171    16.174875216966072    0    0    0    0    0    0    0    
172    14.70762612491933    0    0    0    0    0    0    0    
173    15.780593050999316    0    0    0    0    0    0    0    
174    15.873268235577465    0    0    0    0    0    0    0    
175    15.092436418552323    0    0    0    0    0    0    0    
176    14.882243602658091    0    0    0    0    0    0    0    
177    15.093065970544457    0    0    0    0    0    0    0    
178    14.70509803694718    0    0    0    0    0    0    0    
179    15.352846318046291    0    0    0    0    0    0    0    
180    15.091483807870365    0    0    0    0    0    0    0    
181    15.171682614873493    0    0    0    0    0    0    0    
182    15.001926679413584    0    0    0    0    0    0    0    
183    15.787328634888429    0    0    0    0    0    0    0    
184    15.160585521999534    0    0    0    0    0    0    0    
185    15.84587992608468    0    0    0    0    0    0    0    
186    15.848421477921045    0    0    0    0    0    0    0    
187    15.176075499034209    0    0    0    0    0    0    0    
188    14.908236561180068    0    0    0    0    0    0    0    
189    14.715598162118749    0    0    0    0    0    0    0    
190    15.264161589563495    0    0    0    0    0    0    0    
191    15.069168283756808    0    0    0    0    0    0    0    
192    15.703528200432382    0    0    0    0    0    0    0    
193    15.433941574684269    0    0    0    0    0    0    0    
194    15.635974316721835    0    0    0    0    0    0    0    
195    15.472857850535037    0    0    0    0    0    0    0    
196    15.936861956540497    0    0    0    0    0    0    0    
197    14.817441071407714    0    0    0    0    0    0    0    
198    16.109117202137746    0    0    0    0    0    0    0    
199    15.194654913209222    0    0    0    0    0    0    0    
200    14.729909321847154    0    0    0    0    0    0    0    
201    16.30048775313861    0    0    0    0    0    0    0    
202    14.75473779514386    0    0    0    0    0    0    0    
203    15.568359810521814    0    0    0    0    0    0    0    
204    14.754640191944661    0    0    0    0    0    0    0    
205    15.512340855131376    0    0    0    0    0    0    0    
206    14.978400828406043    0    0    0    0    0    0    0    
207    15.066646324565179    0    0    0    0    0    0    0    
208    15.255655384239727    0    0    0    0    0    0    0    
209    15.502780895086781    0    0    0    0    0    0    0    
210    14.930696600481664    0    0    0    0    0    0    0    
211    15.705738811999643    0    0    0    0    0    0    0    
212    15.054248008445864    0    0    0    0    0    0    0    
213    15.870074734594448    0    0    0    0    0    0    0    
214    15.12443634056681    0    0    0    0    0    0    0    
215    13.989925262355781    0    0    0    0    0    0    0    
216    15.377054212114805    0    0    0    0    0    0    0    
217    14.75748818321052    0    0    0    0    0    0    0    
218    14.428236119725735    0    0    0    0    0    0    0    
219    15.364890138027285    0    0    0    0    0    0    0    
220    14.508129938563444    0    0    0    0    0    0    0    
221    15.156753554145766    0    0    0    0    0    0    0    
222    15.822252565178843    0    0    0    0    0    0    0    
223    14.968460284975329    0    0    0    0    0    0    0    
224    15.176294311171448    0    0    0    0    0    0    0    
225    15.744713909107324    0    0    0    0    0    0    0    
226    15.051664018144066    0    0    0    0    0    0    0    
227    15.446486287399836    0    0    0    0    0    0    0    
228    15.465562329852636    0    0    0    0    0    0    0    
229    14.859313412987293    0    0    0    0    0    0    0    
230    14.834104730846361    0    0    0    0    0    0    0    
231    15.31745417925608    0    0    0    0    0    0    0    
232    14.751404875545413    0    0    0    0    0    0    0    
233    15.032103408877028    0    0    0    0    0    0    0    
234    15.496546691921019    0    0    0    0    0    0    0    
235    15.802588861085603    0    0    0    0    0    0    0    
236    14.207378970693023    0    0    0    0    0    0    0    
237    14.17266748440192    0    0    0    0    0    0    0    
238    15.2360154106926    0    0    0    0    0    0    0    
239    15.001844266782076    0    0    0    0    0    0    0    
240    14.667129227790944    0    0    0    0    0    0    0    
241    15.41000056244422    0    0    0    0    0    0    0    
242    15.304799635949362    0    0    0    0    0    0    0    
243    14.716425463175053    0    0    0    0    0    0    0    
244    14.90480382301571    0    0    0    0    0    0    0    
245    15.22182051927827    0    0    0    0    0    0    0    
246    15.955360969070291    0    0    0    0    0    0    0    
247    14.783767984724749    0    0    0    0    0    0    0    
248    15.211775869305324    0    0    0    0    0    0    0    
249    15.266254866409911    0    0    0    0    0    0    0    
250    15.173148391143986    0    0    0    0    0    0    0    
251    14.395723471376439    0    0    0    0    0    0    0    
252    14.945841507566051    0    0    0    0    0    0    0    
253    14.90790996445249    0    0    0    0    0    0    0    
254    14.484307504632584    0    0    0    0    0    0    0    
255    16.09294986536189    0    0    0    0    0    0    0    
256    15.508718462697871    0    0    0    0    0    0    0    
257    15.66855343205985    0    0    0    0    0    0    0    
258    15.659802485003537    0    0    0    0    0    0    0    
259    15.876303223308627    0    0    0    0    0    0    0    
260    15.975226623185534    0    0    0    0    0    0    0    
261    14.886263340272189    0    0    0    0    0    0    0    
262    15.602587250438622    0    0    0    0    0    0    0    
263    15.601284799775812    0    0    0    0    0    0    0    
264    15.345411388547681    0    0    0    0    0    0    0    
265    15.397374716114543    0    0    0    0    0    0    0    
266    15.520248955616687    0    0    0    0    0    0    0    
267    14.602033564000264    0    0    0    0    0    0    0    
268    15.16993911606221    0    0    0    0    0    0    0    
269    15.192450370448238    0    0    0    0    0    0    0    
270    14.308272454706271    0    0    0    0    0    0    0    
271    15.040170642877838    0    0    0    0    0    0    0    
272    15.09307548373585    0    0    0    0    0    0    0    
273    14.871074556197375    0    0    0    0    0    0    0    
274    15.161408649064109    0    0    0    0    0    0    0    
275    16.317696982931302    0    0    0    0    0    0    0    
276    14.929419332942878    0    0    0    0    0    0    0    
277    15.05416837464947    0    0    0    0    0    0    0    
278    15.819619442559688    0    0    0    0    0    0    0    
279    14.029348836192947    0    0    0    0    0    0    0    
280    15.105624597992103    0    0    0    0    0    0    0    
281    15.730441588169871    0    0    0    0    0    0    0    
282    14.704987103433787    0    0    0    0    0    0    0    
283    15.61317113311281    0    0    0    0    0    0    0    
284    15.114428855787713    0    0    0    0    0    0    0    
285    14.932824806830327    0    0    0    0    0    0    0    
286    14.675748799418825    0    0    0    0    0    0    0    
287    15.960635102937541    0    0    0    0    0    0    0    
288    14.964561023775074    0    0    0    0    0    0    0    
289    15.538087103467303    0    0    0    0    0    0    0    
290    16.057302040815873    0    0    0    0    0    0    0    
291    15.861383032235315    0    0    0    0    0    0    0    
292    15.53464825434095    0    0    0    0    0    0    0    
293    15.133826787447088    0    0    0    0    0    0    0    
294    14.83594150776385    0    0    0    0    0    0    0    
295    15.394595233413106    0    0    0    0    0    0    0    
296    15.20496363262202    0    0    0    0    0    0    0    
297    14.5166525998022    0    0    0    0    0    0    0    
298    15.64522997329289    0    0    0    0    0    0    0    
299    14.803233924928588    0    0    0    0    0    0    0    
300    15.031024596055685    0    0    0    0    0    0    0    
301    14.986803307912298    0    0    0    0    0    0    0    
302    15.44648792957181    0    0    0    0    0    0    0    
303    14.566299236991004    0    0    0    0    0    0    0    
304    16.129760713052065    0    0    0    0    0    0    0    
305    14.212171591476274    0    0    0    0    0    0    0    
306    14.823574192110874    0    0    0    0    0    0    0    
307    15.625666949987972    0    0    0    0    0    0    0    
308    15.026744940113195    0    0    0    0    0    0    0    
309    14.986949319715242    0    0    0    0    0    0    0    
310    15.34649389009788    0    0    0    0    0    0    0    
311    14.451896618245314    0    0    0    0    0    0    0    
312    15.49183417275324    0    0    0    0    0    0    0    
313    15.467169072228797    0    0    0    0    0    0    0    
314    14.926139025940026    0    0    0    0    0    0    0    
315    14.262046064087372    0    0    0    0    0    0    0    
316    15.17150040160312    0    0    0    0    0    0    0    
317    14.490469124424537    0    0    0    0    0    0    0    
318    14.774194201498737    0    0    0    0    0    0    0    
319    15.002655541440305    0    0    0    0    0    0    0    
320    15.705787431616963    0    0    0    0    0    0    0    
321    15.40921835172741    0    0    0    0    0    0    0    
322    15.472896947565701    0    0    0    0    0    0    0    
323    15.181452830496479    0    0    0    0    0    0    0    
324    15.46545636483434    0    0    0    0    0    0    0    
325    14.46987952638225    0    0    0    0    0    0    0    
326    15.462075338049148    0    0    0    0    0    0    0    
327    14.899623972413835    0    0    0    0    0    0    0    
328    15.276854195640126    0    0    0    0    0    0    0    
329    15.572235673876857    0    0    0    0    0    0    0    
330    15.843832505923434    0    0    0    0    0    0    0    
331    15.182880480538875    0    0    0    0    0    0    0    
332    14.494740147496646    0    0    0    0    0    0    0    
333    15.59266391417647    0    0    0    0    0    0    0    
334    15.134209690520684    0    0    0    0    0    0    0    
335    15.119157150472441    0    0    0    0    0    0    0    
336    15.141895176153525    0    0    0    0    0    0    0    
337    14.305501959225392    0    0    0    0    0    0    0    
338    14.771575714140004    0    0    0    0    0    0    0    
339    14.635976884254967    0    0    0    0    0    0    0    
340    15.399005485754646    0    0    0    0    0    0    0    
341    15.518159863766732    0    0    0    0    0    0    0    
342    14.33741377450378    0    0    0    0    0    0    0    
343    17.66845529122835    0    0    0    0    0    0    0    
344    14.468858744165223    0    0    0    0    0    0    0    
345    14.531987782498097    0    0    0    0    0    0    0    
346    16.732467293463056    0    0    0    0    0    0    0    
347    15.496538906546755    0    0    0    0    0    0    0    
348    15.7983696633071    0    0    0    0    0    0    0    
349    15.088968884662531    0    0    0    0    0    0    0    
350    13.757218571552254    0    0    0    0    0    0    0    
351    15.68702670111764    0    0    0    0    0    0    0    
352    15.5913016042317    0    0    0    0    0    0    0    
353    15.322304295992437    0    0    0    0    0    0    0    
354    15.698933976301838    0    0    0    0    0    0    0    
355    15.184244417175144    0    0    0    0    0    0    0    
356    15.342450499374017    0    0    0    0    0    0    0    
357    15.284077587861397    0    0    0    0    0    0    0    
358    14.86431535779047    0    0    0    0    0    0    0    
359    15.580001590770681    0    0    0    0    0    0    0    
360    14.110125125527418    0    0    0    0    0    0    0    
361    14.400599585889964    0    0    0    0    0    0    0    
362    15.509665996650542    0    0    0    0    0    0    0    
363    15.539200242247553    0    0    0    0    0    0    0    
364    15.11492370266072    0    0    0    0    0    0    0    
365    15.151650774261341    0    0    0    0    0    0    0    
366    15.221094760944895    0    0    0    0    0    0    0    
367    16.258554650089668    0    0    0    0    0    0    0    
368    14.575123405886522    0    0    0    0    0    0    0    
369    15.325515889878115    0    0    0    0    0    0    0    
370    14.55570851694782    0    0    0    0    0    0    0    
371    14.73156836893413    0    0    0    0    0    0    0    
372    14.900470759312908    0    0    0    0    0    0    0    
373    15.993572485875136    0    0    0    0    0    0    0    
374    14.492344361083957    0    0    0    0    0    0    0    
375    15.567168846720447    0    0    0    0    0    0    0    
376    14.610513095980885    0    0    0    0    0    0    0    
377    15.58101311167539    0    0    0    0    0    0    0    
378    16.23659140331319    0    0    0    0    0    0    0    
379    15.266264941955766    0    0    0    0    0    0    0    
380    15.286063845518315    0    0    0    0    0    0    0    
381    14.71494873107179    0    0    0    0    0    0    0    
382    15.34636879958378    0    0    0    0    0    0    0    
383    15.578328714931226    0    0    0    0    0    0    0    
384    15.552530435087832    0    0    0    0    0    0    0    
385    14.898637804891088    0    0    0    0    0    0    0    
386    14.906499696933505    0    0    0    0    0    0    0    
387    15.293884063155952    0    0    0    0    0    0    0    
388    14.705088928792232    0    0    0    0    0    0    0    
389    14.93386954650211    0    0    0    0    0    0    0    
390    15.261385919394295    0    0    0    0    0    0    0    
391    15.215783735313005    0    0    0    0    0    0    0    
392    14.003124304282125    0    0    0    0    0    0    0    
393    15.06394094673851    0    0    0    0    0    0    0    
394    15.184287722953687    0    0    0    0    0    0    0    
395    15.659430241926646    0    0    0    0    0    0    0    
396    15.851985197393606    0    0    0    0    0    0    0    
397    15.229741840605707    0    0    0    0    0    0    0    
398    15.527845568120378    0    0    0    0    0    0    0    
399    13.883876241825595    0    0    0    0    0    0    0    
400    15.243031825468838    0    0    0    0    0    0    0    
401    14.820453893509082    0    0    0    0    0    0    0    
402    14.564923594637817    0    0    0    0    0    0    0    
403    15.936523700584374    0    0    0    0    0    0    0    
404    15.253256631164485    0    0    0    0    0    0    0    
405    14.12263286880549    0    0    0    0    0    0    0    
406    14.364578129357739    0    0    0    0    0    0    0    
407    14.54670285731097    0    0    0    0    0    0    0    
408    14.988651990191228    0    0    0    0    0    0    0    
409    14.409950366212938    0    0    0    0    0    0    0    
410    14.964860210837031    0    0    0    0    0    0    0    
411    15.867647625045583    0    0    0    0    0    0    0    
412    15.450389656989996    0    0    0    0    0    0    0    
413    15.191586362926946    0    0    0    0    0    0    0    
414    14.724708034163726    0    0    0    0    0    0    0    
415    15.179949397154413    0    0    0    0    0    0    0    
416    15.178157788241657    0    0    0    0    0    0    0    
417    14.791169624954874    0    0    0    0    0    0    0    
418    15.290204879138498    0    0    0    0    0    0    0    
419    16.55225728426642    0    0    0    0    0    0    0    
420    15.595897401900904    0    0    0    0    0    0    0    
421    14.637310300286913    0    0    0    0    0    0    0    
422    15.212507154881298    0    0    0    0    0    0    0    
423    15.174462509206004    0    0    0    0    0    0    0    
424    15.640541380965914    0    0    0    0    0    0    0    
425    14.734100307657448    0    0    0    0    0    0    0    
426    15.174440032107785    0    0    0    0    0    0    0    
427    15.302791354572864    0    0    0    0    0    0    0    
428    15.484480815268359    0    0    0    0    0    0    0    
429    15.351445460344788    0    0    0    0    0    0    0    
430    14.57606635303852    0    0    0    0    0    0    0    
431    14.56967113396798    0    0    0    0    0    0    0    
432    14.60401218139898    0    0    0    0    0    0    0    
433    16.007579465680816    0    0    0    0    0    0    0    
434    14.65182035928053    0    0    0    0    0    0    0    
435    15.268774320157853    0    0    0    0    0    0    0    
436    14.18531207148278    0    0    0    0    0    0    0    
437    15.678535840357346    0    0    0    0    0    0    0    
438    14.441603363301898    0    0    0    0    0    0    0    
439    15.5727541858367    0    0    0    0    0    0    0    
440    14.063521437468383    0    0    0    0    0    0    0    
441    15.166804328859968    0    0    0    0    0    0    0    
442    15.34985951158079    0    0    0    0    0    0    0    
443    14.65738488605644    0    0    0    0    0    0    0    
444    15.524108154646887    0    0    0    0    0    0    0    
445    15.203930290310758    0    0    0    0    0    0    0    
446    15.015881714193572    0    0    0    0    0    0    0    
447    15.553126124968093    0    0    0    0    0    0    0    
448    14.1065614432254    0    0    0    0    0    0    0    
449    15.038351343525196    0    0    0    0    0    0    0    
450    14.141258674393775    0    0    0    0    0    0    0    
451    15.94540503189109    0    0    0    0    0    0    0    
452    15.062607867125534    0    0    0    0    0    0    0    
453    14.897969967623872    0    0    0    0    0    0    0    
454    15.256818685954356    0    0    0    0    0    0    0    
455    15.452631008899928    0    0    0    0    0    0    0    
456    15.759303559388574    0    0    0    0    0    0    0    
457    14.668636411150151    0    0    0    0    0    0    0    
458    14.941552194432727    0    0    0    0    0    0    0    
459    16.25260009653442    0    0    0    0    0    0    0    
460    15.09251156597062    0    0    0    0    0    0    0    
461    14.637223538911005    0    0    0    0    0    0    0    
462    15.35749203901102    0    0    0    0    0    0    0    
463    15.618155248440896    0    0    0    0    0    0    0    
464    14.237328708068208    0    0    0    0    0    0    0    
465    14.580482317373972    0    0    0    0    0    0    0    
466    14.692662764450487    0    0    0    0    0    0    0    
467    14.639934676904831    0    0    0    0    0    0    0    
468    14.966847270441786    0    0    0    0    0    0    0    
469    15.064560002440887    0    0    0    0    0    0    0    
470    15.847329291891217    0    0    0    0    0    0    0    
471    15.559404097156357    0    0    0    0    0    0    0    
472    15.387810000444382    0    0    0    0    0    0    0    
473    15.23795510096498    0    0    0    0    0    0    0    
474    15.698077940607124    0    0    0    0    0    0    0    
475    15.456934152118865    0    0    0    0    0    0    0    
476    15.559422184118178    0    0    0    0    0    0    0    
477    16.542500167398718    0    0    0    0    0    0    0    
478    14.597796330344869    0    0    0    0    0    0    0    
479    15.52958834612886    0    0    0    0    0    0    0    
480    15.128260932950916    0    0    0    0    0    0    0    
481    15.328155702353136    0    0    0    0    0    0    0    
482    14.661322392551863    0    0    0    0    0    0    0    
483    14.456154796520314    0    0    0    0    0    0    0    
484    14.752889558075077    0    0    0    0    0    0    0    
485    14.929279454594377    0    0    0    0    0    0    0    
486    14.507617852437495    0    0    0    0    0    0    0    
487    14.919749450308531    0    0    0    0    0    0    0    
488    15.173538502838088    0    0    0    0    0    0    0    
489    14.682453671339335    0    0    0    0    0    0    0    
490    15.762602780978566    0    0    0    0    0    0    0    
491    15.033754131960002    0    0    0    0    0    0    0    
492    15.682725355603726    0    0    0    0    0    0    0    
493    15.77489281444383    0    0    0    0    0    0    0    
494    15.020221969945794    0    0    0    0    0    0    0    
495    14.789832967868875    0    0    0    0    0    0    0    
496    14.70810843791825    0    0    0    0    0    0    0    
497    15.476234657570803    0    0    0    0    0    0    0    
498    14.3383411535018    0    0    0    0    0    0    0    
499    15.436425887948001    0    0    0    0    0    0    0    
500    14.81894921173449    0    0    0    0    0    0    0    
501    15.090939155189137    0    0    0    0    0    0    0    
502    15.774569849238288    0    0    0    0    0    0    0    
503    15.129380472851947    0    0    0    0    0    0    0    
504    14.459602213501023    0    0    0    0    0    0    0    
505    14.929731726749754    0    0    0    0    0    0    0    
506    15.414529750904453    0    0    0    0    0    0    0    
507    15.87545615693805    0    0    0    0    0    0    0    
508    16.053184507874096    0    0    0    0    0    0    0    
509    15.765857923382605    0    0    0    0    0    0    0    
510    15.404333670874076    0    0    0    0    0    0    0    
511    14.956616482598136    0    0    0    0    0    0    0    
512    15.685793374804547    0    0    0    0    0    0    0    
513    15.295890084863402    0    0    0    0    0    0    0    
514    15.40029643889317    0    0    0    0    0    0    0    
515    15.48141760321509    0    0    0    0    0    0    0    
516    15.036663230269356    0    0    0    0    0    0    0    
517    15.153673776175228    0    0    0    0    0    0    0    
518    14.197021984900434    0    0    0    0    0    0    0    
519    15.208323193277383    0    0    0    0    0    0    0    
520    14.861551733402246    0    0    0    0    0    0    0    
521    16.082276139747286    0    0    0    0    0    0    0    
522    16.119938221732877    0    0    0    0    0    0    0    
523    14.91793372620901    0    0    0    0    0    0    0    
524    15.38975504503019    0    0    0    0    0    0    0    
525    14.861532350285579    0    0    0    0    0    0    0    
526    14.876568363186545    0    0    0    0    0    0    0    
527    14.967532049230709    0    0    0    0    0    0    0    
528    14.898222732158422    0    0    0    0    0    0    0    
529    15.541239365259047    0    0    0    0    0    0    0    
530    15.32254477261873    0    0    0    0    0    0    0    
531    15.51053127156475    0    0    0    0    0    0    0    
532    15.30111096240338    0    0    0    0    0    0    0    
533    14.674772978849825    0    0    0    0    0    0    0    
534    14.991296374182031    0    0    0    0    0    0    0    
535    15.032053422620825    0    0    0    0    0    0    0    
536    15.828703244305688    0    0    0    0    0    0    0    
537    14.631711604997712    0    0    0    0    0    0    0    
538    15.916530765425891    0    0    0    0    0    0    0    
539    15.070641070454565    0    0    0    0    0    0    0    
540    15.504476460014764    0    0    0    0    0    0    0    
541    15.264874119691674    0    0    0    0    0    0    0    
542    14.967773305130356    0    0    0    0    0    0    0    
543    15.479215401541264    0    0    0    0    0    0    0    
544    14.992043452724355    0    0    0    0    0    0    0    
545    15.12268882099788    0    0    0    0    0    0    0    
546    14.754098579703474    0    0    0    0    0    0    0    
547    15.839084567346045    0    0    0    0    0    0    0    
548    15.233803997165039    0    0    0    0    0    0    0    
549    14.232051536973287    0    0    0    0    0    0    0    
550    15.56436685575967    0    0    0    0    0    0    0    
551    14.71969266747056    0    0    0    0    0    0    0    
552    15.085014920266119    0    0    0    0    0    0    0    
553    16.06424321950567    0    0    0    0    0    0    0    
554    15.374809764726988    0    0    0    0    0    0    0    
555    16.17001017240828    0    0    0    0    0    0    0    
556    15.597516420056463    0    0    0    0    0    0    0    
557    14.548958548277778    0    0    0    0    0    0    0    
558    15.791395341429109    0    0    0    0    0    0    0    
559    14.822648556329925    0    0    0    0    0    0    0    
560    15.455032294978993    0    0    0    0    0    0    0    
561    15.229085129838388    0    0    0    0    0    0    0    
562    14.439620428240781    0    0    0    0    0    0    0    
563    14.615844764525235    0    0    0    0    0    0    0    
564    15.650801782126258    0    0    0    0    0    0    0    
565    15.532873248986965    0    0    0    0    0    0    0    
566    15.699271200213586    0    0    0    0    0    0    0    
567    15.203407710275403    0    0    0    0    0    0    0    
568    14.970809596722995    0    0    0    0    0    0    0    
569    15.240179432206535    0    0    0    0    0    0    0    
570    15.435914060505933    0    0    0    0    0    0    0    
571    15.909136789285991    0    0    0    0    0    0    0    
572    15.194895336222606    0    0    0    0    0    0    0    
573    15.44504141437873    0    0    0    0    0    0    0    
574    15.642695830829604    0    0    0    0    0    0    0    
575    14.982369638301945    0    0    0    0    0    0    0    
576    15.299988742338162    0    0    0    0    0    0    0    
577    14.598349511212366    0    0    0    0    0    0    0    
578    15.432395798986635    0    0    0    0    0    0    0    
579    15.180695422003268    0    0    0    0    0    0    0    
580    14.545593207528702    0    0    0    0    0    0    0    
581    15.10829016250561    0    0    0    0    0    0    0    
582    15.507814107397202    0    0    0    0    0    0    0    
583    14.618545436705077    0    0    0    0    0    0    0    
584    14.91671132972499    0    0    0    0    0    0    0    
585    15.039850238758614    0    0    0    0    0    0    0    
586    15.060210878489757    0    0    0    0    0    0    0    
587    14.526094644189625    0    0    0    0    0    0    0    
588    14.097550551589343    0    0    0    0    0    0    0    
589    14.723809381795757    0    0    0    0    0    0    0    
590    15.017281126524203    0    0    0    0    0    0    0    
591    14.781742677429705    0    0    0    0    0    0    0    
592    15.733412385437584    0    0    0    0    0    0    0    
593    16.138165378605343    0    0    0    0    0    0    0    
594    14.937146691077167    0    0    0    0    0    0    0    
595    14.854623152844804    0    0    0    0    0    0    0    
596    14.354378330597006    0    0    0    0    0    0    0    
597    15.237111538162873    0    0    0    0    0    0    0    
598    14.708469847068933    0    0    0    0    0    0    0    
599    15.627300903603407    0    0    0    0    0    0    0    
600    15.431630568471219    0    0    0    0    0    0    0    
601    14.155065981485514    0    0    0    0    0    0    0    
602    16.238402333327898    0    0    0    0    0    0    0    
603    15.614668597134532    0    0    0    0    0    0    0    
604    15.48777278973581    0    0    0    0    0    0    0    
605    15.114452564769028    0    0    0    0    0    0    0    
606    14.925901289944562    0    0    0    0    0    0    0    
607    14.743262398357222    0    0    0    0    0    0    0    
608    15.030177555779911    0    0    0    0    0    0    0    
609    15.289210958752486    0    0    0    0    0    0    0    
610    15.741125380967096    0    0    0    0    0    0    0    
611    14.47700495457552    0    0    0    0    0    0    0    
612    14.941987354156073    0    0    0    0    0    0    0    
613    15.394992689767026    0    0    0    0    0    0    0    
614    15.117637426609285    0    0    0    0    0    0    0    
615    14.964569609725539    0    0    0    0    0    0    0    
616    14.496341507457034    0    0    0    0    0    0    0    
617    15.744475645521227    0    0    0    0    0    0    0    
618    16.69244661719748    0    0    0    0    0    0    0    
619    14.929209345027052    0    0    0    0    0    0    0    
620    14.85070317421949    0    0    0    0    0    0    0    
621    14.556126837457553    0    0    0    0    0    0    0    
622    14.896709831030535    0    0    0    0    0    0    0    
623    15.142968031162756    0    0    0    0    0    0    0    
624    15.070243032010055    0    0    0    0    0    0    0    
625    14.995189189549647    0    0    0    0    0    0    0    
626    15.056474009601166    0    0    0    0    0    0    0    
627    16.101495507277885    0    0    0    0    0    0    0    
628    14.641917775522932    0    0    0    0    0    0    0    
629    15.304782048438055    0    0    0    0    0    0    0    
630    15.25854128689278    0    0    0    0    0    0    0    
631    14.798126416634968    0    0    0    0    0    0    0    
632    15.167702829157301    0    0    0    0    0    0    0    
633    14.773003982922509    0    0    0    0    0    0    0    
634    15.755907574506706    0    0    0    0    0    0    0    
635    14.583108290994167    0    0    0    0    0    0    0    
636    15.005240613820598    0    0    0    0    0    0    0    
637    15.426775174259356    0    0    0    0    0    0    0    
638    14.31202281315411    0    0    0    0    0    0    0    
639    15.98637795012318    0    0    0    0    0    0    0    
640    14.963783704022465    0    0    0    0    0    0    0    
641    15.65705453312323    0    0    0    0    0    0    0    
642    15.113212665644774    0    0    0    0    0    0    0    
643    14.949018952567618    0    0    0    0    0    0    0    
644    15.047113413147034    0    0    0    0    0    0    0    
645    15.02017722903275    0    0    0    0    0    0    0    
646    14.802261817306192    0    0    0    0    0    0    0    
647    15.848527781988722    0    0    0    0    0    0    0    
648    14.861379070260007    0    0    0    0    0    0    0    
649    15.398171688597728    0    0    0    0    0    0    0    
650    15.213514264989593    0    0    0    0    0    0    0    
651    15.863420871247795    0    0    0    0    0    0    0    
652    16.128263222212077    0    0    0    0    0    0    0    
653    15.078673698708231    0    0    0    0    0    0    0    
654    14.832369547110403    0    0    0    0    0    0    0    
655    14.558524444495202    0    0    0    0    0    0    0    
656    15.701447722138065    0    0    0    0    0    0    0    
657    14.666307439483523    0    0    0    0    0    0    0    
658    15.606681005587872    0    0    0    0    0    0    0    
659    15.594304445831705    0    0    0    0    0    0    0    