! OpenFAST Deterministic Wind File
#
# Comment lines begin with "!" or "#" or "%", then the data lines must contain the following columns:
#
# If there are only 8 columns, upflow is assumed to be 0.
#
# Parameters are interpolated linearly between time steps; using nearest neighbor before the first time 
# listed in this file and after the last time listed in the file. 
#
! Time     Wind    Wind    Vertical    Horiz.      Pwr.Law     Lin.Vert.   Gust     Upflow
!          Speed   Dir     Speed       Shear       Vert.Shr    Shear       Speed    Angle 
! (sec)    (m/s)   (Deg)   (m/s)                                            (m/s)   (deg)
0    16.001432758510706    0    0    0    0    0    0    0    
1    15.896959371210361    0    0    0    0    0    0    0    
2    16.062716255326983    0    0    0    0    0    0    0    
3    16.177487100176936    0    0    0    0    0    0    0    
4    16.36943270196062    0    0    0    0    0    0    0    
5    15.97539760226685    0    0    0    0    0    0    0    
6    16.327323964469002    0    0    0    0    0    0    0    
7    16.051883379259802    0    0    0    0    0    0    0    
8    16.13509615967909    0    0    0    0    0    0    0    
9    15.862354350107188    0    0    0    0    0    0    0    
10    16.19641905013413    0    0    0    0    0    0    0    
11    16.024168915990984    0    0    0    0    0    0    0    
12    16.04953021586438    0    0    0    0    0    0    0    
13    15.747238335417903    0    0    0    0    0    0    0    
14    15.891629671351922    0    0    0    0    0    0    0    
15    15.716913584826361    0    0    0    0    0    0    0    
16    15.803573202115578    0    0    0    0    0    0    0    
17    16.388874575621365    0    0    0    0    0    0    0    
18    15.993533738010706    0    0    0    0    0    0    0    
19    15.594339456034037    0    0    0    0    0    0    0    
20    16.085274474818114    0    0    0    0    0    0    0    
21    16.077286985554963    0    0    0    0    0    0    0    
22    15.958519449243315    0    0    0    0    0    0    0    
23    16.036741513421674    0    0    0    0    0    0    0    
24    16.583050535635063    0    0    0    0    0    0    0    
25    16.18412955944749    0    0    0    0    0    0    0    
26    16.022087997739312    0    0    0    0    0    0    0    
27    15.799096242236958    0    0    0    0    0    0    0    
28    15.582699058388007    0    0    0    0    0    0    0    
29    15.590616092575434    0    0    0    0    0    0    0    
30    15.836717976679715    0    0    0    0    0    0    0    
31    16.119079063032412    0    0    0    0    0    0    0    
32    16.074220719283904    0    0    0    0    0    0    0    
33    15.810711806460468    0    0    0    0    0    0    0    
34    15.98826014677219    0    0    0    0    0    0    0    
35    15.948653467815184    0    0    0    0    0    0    0    
36    16.00732871477157    0    0    0    0    0    0    0    
37    15.77993146542793    0    0    0    0    0    0    0    
38    16.08332810025875    0    0    0    0    0    0    0    
39    15.658282602762691    0    0    0    0    0    0    0    
40    16.010721669856363    0    0    0    0    0    0    0    
41    16.260500194089804    0    0    0    0    0    0    0    
42    15.878934712406187    0    0    0    0    0    0    0    
43    16.269373958246394    0    0    0    0    0    0    0    
44    16.127451519554953    0    0    0    0    0    0    0    
45    16.225090009710915    0    0    0    0    0    0    0    
46    15.824586645411857    0    0    0    0    0    0    0    
47    16.074150969643252    0    0    0    0    0    0    0    
48    15.577968794219814    0    0    0    0    0    0    0    
49    16.42563192646231    0    0    0    0    0    0    0    
50    15.740845725746146    0    0    0    0    0    0    0    
51    16.0227955468772    0    0    0    0    0    0    0    
52    16.627585984620893    0    0    0    0    0    0    0    
53    15.398752190418683    0    0    0    0    0    0    0    
54    15.731158077089828    0    0    0    0    0    0    0    
55    16.341981641353748    0    0    0    0    0    0    0    
56    15.757378239968203    0    0    0    0    0    0    0    
57    16.219766189033688    0    0    0    0    0    0    0    
58    16.110632177406224    0    0    0    0    0    0    0    
59    15.865968953689315    0    0    0    0    0    0    0    
60    16.19017941124195    0    0    0    0    0    0    0    
61    16.161500756187337    0    0    0    0    0    0    0    
62    16.296722205440965    0    0    0    0    0    0    0    
63    16.2996104876116    0    0    0    0    0    0    0    
64    16.031964821442514    0    0    0    0    0    0    0    
65    16.16088020652528    0    0    0    0    0    0    0    
66    15.85265187119661    0    0    0    0    0    0    0    
67    15.623804009449767    0    0    0    0    0    0    0    
68    16.415969121082096    0    0    0    0    0    0    0    
69    15.964708349158023    0    0    0    0    0    0    0    
70    15.784591961784798    0    0    0    0    0    0    0    
71    15.97791549876155    0    0    0    0    0    0    0    
72    16.0322485005052    0    0    0    0    0    0    0    
73    16.347193231976988    0    0    0    0    0    0    0    
74    15.536194462317765    0    0    0    0    0    0    0    
75    15.873510192015738    0    0    0    0    0    0    0    
76    16.030307843060974    0    0    0    0    0    0    0    
77    16.128431189209618    0    0    0    0    0    0    0    
78    15.894715016739331    0    0    0    0    0    0    0    
79    16.38280433861272    0    0    0    0    0    0    0    
80    15.558539399744333    0    0    0    0    0    0    0    
81    15.719687759504698    0    0    0    0    0    0    0    
82    15.720264347132128    0    0    0    0    0    0    0    
83    16.539443856453083    0    0    0    0    0    0    0    
84    16.322232557466858    0    0    0    0    0    0    0    
85    15.599349105719778    0    0    0    0    0    0    0    
86    15.968250203352229    0    0    0    0    0    0    0    
87    16.066457649672007    0    0    0    0    0    0    0    
88    16.12369547443894    0    0    0    0    0    0    0    
89    15.863251411717641    0    0    0    0    0    0    0    
90    16.086497168692137    0    0    0    0    0    0    0    
91    16.13369516285066    0    0    0    0    0    0    0    
92    15.96296368492842    0    0    0    0    0    0    0    
93    15.980969956566598    0    0    0    0    0    0    0    
94    16.016720639263013    0    0    0    0    0    0    0    
95    15.6974684371997    0    0    0    0    0    0    0    
96    16.452902382640538    0    0    0    0    0    0    0    
97    16.421639120818252    0    0    0    0    0    0    0    
98    15.448971963701531    0    0    0    0    0    0    0    
99    16.217329435392777    0    0    0    0    0    0    0    
100    16.34714389556046    0    0    0    0    0    0    0    
101    15.908751969574135    0    0    0    0    0    0    0    
102    16.09348571969277    0    0    0    0    0    0    0    
103    16.231776219120764    0    0    0    0    0    0    0    
104    16.3741176696649    0    0    0    0    0    0    0    
105    15.944527860126811    0    0    0    0    0    0    0    
106    16.08891961104881    0    0    0    0    0    0    0    
107    15.731039452107764    0    0    0    0    0    0    0    
108    16.176442525287765    0    0    0    0    0    0    0    
109    16.372384075847837    0    0    0    0    0    0    0    
110    16.45232456518472    0    0    0    0    0    0    0    
111    16.170498439404604    0    0    0    0    0    0    0    
112    16.196196212084942    0    0    0    0    0    0    0    
113    15.908998802151261    0    0    0    0    0    0    0    
114    16.27449208642057    0    0    0    0    0    0    0    
115    15.908791228516254    0    0    0    0    0    0    0    
116    16.382895249845753    0    0    0    0    0    0    0    
117    16.054918599253647    0    0    0    0    0    0    0    
118    16.08588437909067    0    0    0    0    0    0    0    
119    16.28658268607196    0    0    0    0    0    0    0    
120    16.398137787930402    0    0    0    0    0    0    0    
121    15.929775908671312    0    0    0    0    0    0    0    
122    16.072645828682116    0    0    0    0    0    0    0    
123    15.959974597918846    0    0    0    0    0    0    0    
124    16.19102003189788    0    0    0    0    0    0    0    
125    16.214955299340197    0    0    0    0    0    0    0    
126    16.11023551050384    0    0    0    0    0    0    0    
127    15.601794512353148    0    0    0    0    0    0    0    
128    15.973261977150134    0    0    0    0    0    0    0    
129    16.14489474234563    0    0    0    0    0    0    0    
130    15.969072743255248    0    0    0    0    0    0    0    
131    15.775960201351774    0    0    0    0    0    0    0    
132    16.12108498771689    0    0    0    0    0    0    0    
133    16.034907994703662    0    0    0    0    0    0    0    
134    15.597606654266073    0    0    0    0    0    0    0    
135    15.634569733826861    0    0    0    0    0    0    0    
136    15.994189008750979    0    0    0    0    0    0    0    
137    16.34945871110311    0    0    0    0    0    0    0    
138    16.017371738032573    0    0    0    0    0    0    0    
139    15.888070836248238    0    0    0    0    0    0    0    
140    15.906221630483143    0    0    0    0    0    0    0    
141    16.19927444062257    0    0    0    0    0    0    0    
142    15.806505148825359    0    0    0    0    0    0    0    
143    16.36976676564754    0    0    0    0    0    0    0    
144    16.17800427936733    0    0    0    0    0    0    0    
145    15.880361567282373    0    0    0    0    0    0    0    
146    15.668115397388078    0    0    0    0    0    0    0    
147    16.093742011051837    0    0    0    0    0    0    0    
148    16.17827118063156    0    0    0    0    0    0    0    
149    15.96212596644848    0    0    0    0    0    0    0    
150    16.391055929296442    0    0    0    0    0    0    0    
151    16.20760394633368    0    0    0    0    0    0    0    
152    16.08659457526265    0    0    0    0    0    0    0    
153    15.874984019314661    0    0    0    0    0    0    0    
154    15.679478016447675    0    0    0    0    0    0    0    
155    16.051967720094613    0    0    0    0    0    0    0    
156    15.99999616346776    0    0    0    0    0    0    0    
157    15.687084791641226    0    0    0    0    0    0    0    
158    16.183555669941086    0    0    0    0    0    0    0    
159    15.96809370052123    0    0    0    0    0    0    0    
160    16.153202266406684    0    0    0    0    0    0    0    
161    15.844664356747456    0    0    0    0    0    0    0    
162    16.143429679662802    0    0    0    0    0    0    0    
163    15.90215457713647    0    0    0    0    0    0    0    
164    16.596626472241944    0    0    0    0    0    0    0    
165    16.031487843268746    0    0    0    0    0    0    0    
166    16.164441113520116    0    0    0    0    0    0    0    
167    16.001458406117003    0    0    0    0    0    0    0    
168    16.352417081123967    0    0    0    0    0    0    0    
169    16.209400728706523    0    0    0    0    0    0    0    
170    15.862392164673224    0    0    0    0    0    0    0    
171    16.332053242100386    0    0    0    0    0    0    0    
172    16.214136134086115    0    0    0    0    0    0    0    
173    15.851359405703935    0    0    0    0    0    0    0    
174    16.023210985357988    0    0    0    0    0    0    0    
175    15.944979875387281    0    0    0    0    0    0    0    
176    15.554466527206623    0    0    0    0    0    0    0    
177    16.17614586926777    0    0    0    0    0    0    0    
178    15.95184543081334    0    0    0    0    0    0    0    
179    16.26960006170141    0    0    0    0    0    0    0    
180    15.739339358760539    0    0    0    0    0    0    0    
181    16.411562077160966    0    0    0    0    0    0    0    
182    16.3096035495376    0    0    0    0    0    0    0    
183    15.862996257438002    0    0    0    0    0    0    0    
184    15.86519507720766    0    0    0    0    0    0    0    
185    15.63021961415275    0    0    0    0    0    0    0    
186    15.692822066253246    0    0    0    0    0    0    0    
187    16.447333251877037    0    0    0    0    0    0    0    
188    15.601909422491776    0    0    0    0    0    0    0    
189    16.049541398871156    0    0    0    0    0    0    0    
190    15.589146445660772    0    0    0    0    0    0    0    
191    16.542513810627966    0    0    0    0    0    0    0    
192    16.26376643955438    0    0    0    0    0    0    0    
193    16.09367330898463    0    0    0    0    0    0    0    
194    16.25198669108322    0    0    0    0    0    0    0    
195    16.14331013346044    0    0    0    0    0    0    0    
196    16.082463214370804    0    0    0    0    0    0    0    
197    16.343579399460857    0    0    0    0    0    0    0    
198    16.00265992850588    0    0    0    0    0    0    0    
199    15.856553230526853    0    0    0    0    0    0    0    
200    15.665275003832015    0    0    0    0    0    0    0    
201    16.019011874467825    0    0    0    0    0    0    0    
202    16.105406945355522    0    0    0    0    0    0    0    
203    15.843462111279473    0    0    0    0    0    0    0    
204    16.058099563501525    0    0    0    0    0    0    0    
205    15.514490897289184    0    0    0    0    0    0    0    
206    15.75141225878648    0    0    0    0    0    0    0    
207    15.9755686481345    0    0    0    0    0    0    0    
208    15.588034814701196    0    0    0    0    0    0    0    
209    15.549624376754178    0    0    0    0    0    0    0    
210    16.529649918729646    0    0    0    0    0    0    0    
211    15.785270558702836    0    0    0    0    0    0    0    
212    16.020451468652002    0    0    0    0    0    0    0    
213    15.889472485091966    0    0    0    0    0    0    0    
214    16.572570842500955    0    0    0    0    0    0    0    
215    16.05698752681658    0    0    0    0    0    0    0    
216    15.558211175398814    0    0    0    0    0    0    0    
217    16.005254954620284    0    0    0    0    0    0    0    
218    16.046092320182286    0    0    0    0    0    0    0    
219    15.453430587306931    0    0    0    0    0    0    0    
220    15.82664573497533    0    0    0    0    0    0    0    
221    16.046842866311405    0    0    0    0    0    0    0    
222    16.08673097800114    0    0    0    0    0    0    0    
223    15.616898198667387    0    0    0    0    0    0    0    
224    15.935403958964823    0    0    0    0    0    0    0    
225    15.716189997221461    0    0    0    0    0    0    0    
226    16.019570567920546    0    0    0    0    0    0    0    
227    16.397394529634308    0    0    0    0    0    0    0    
228    16.029798987227068    0    0    0    0    0    0    0    
229    16.18907283352933    0    0    0    0    0    0    0    
230    16.068625252354913    0    0    0    0    0    0    0    
231    15.882117462934836    0    0    0    0    0    0    0    
232    15.838035675306829    0    0    0    0    0    0    0    
233    15.532886971961696    0    0    0    0    0    0    0    
234    16.08284557962164    0    0    0    0    0    0    0    
235    16.03348750230399    0    0    0    0    0    0    0    
236    16.02885865915862    0    0    0    0    0    0    0    
237    16.14062338868307    0    0    0    0    0    0    0    
238    16.22180315288392    0    0    0    0    0    0    0    
239    15.797338799540148    0    0    0    0    0    0    0    
240    15.766851275371376    0    0    0    0    0    0    0    
241    15.702851441380929    0    0    0    0    0    0    0    
242    16.325915773816554    0    0    0    0    0    0    0    
243    15.434869843861087    0    0    0    0    0    0    0    
244    16.058210399088043    0    0    0    0    0    0    0    
245    15.943340357533241    0    0    0    0    0    0    0    
246    16.06742078524055    0    0    0    0    0    0    0    
247    16.05337591388857    0    0    0    0    0    0    0    
248    15.739435468933864    0    0    0    0    0    0    0    
249    15.538174057006554    0    0    0    0    0    0    0    
250    15.979715450629957    0    0    0    0    0    0    0    
251    16.01535681074425    0    0    0    0    0    0    0    
252    15.886339813770343    0    0    0    0    0    0    0    
253    15.923123528410924    0    0    0    0    0    0    0    
254    16.02898378067636    0    0    0    0    0    0    0    
255    16.201723564131424    0    0    0    0    0    0    0    
256    15.637927280033107    0    0    0    0    0    0    0    
257    16.28254538535009    0    0    0    0    0    0    0    
258    16.145461172854457    0    0    0    0    0    0    0    
259    15.982041045694952    0    0    0    0    0    0    0    
260    16.13227102352277    0    0    0    0    0    0    0    
261    16.05541695899262    0    0    0    0    0    0    0    
262    15.853266731425247    0    0    0    0    0    0    0    
263    15.705945275055898    0    0    0    0    0    0    0    
264    16.07840890044201    0    0    0    0    0    0    0    
265    15.521598485735375    0    0    0    0    0    0    0    
266    15.943528005065057    0    0    0    0    0    0    0    
267    15.900556112453158    0    0    0    0    0    0    0    
268    16.61085483363182    0    0    0    0    0    0    0    
269    16.101658560219335    0    0    0    0    0    0    0    
270    15.468441405001766    0    0    0    0    0    0    0    
271    15.827320464022723    0    0    0    0    0    0    0    
272    16.300085378753092    0    0    0    0    0    0    0    
273    16.47929945639989    0    0    0    0    0    0    0    
274    15.577448013854816    0    0    0    0    0    0    0    
275    15.889037845009552    0    0    0    0    0    0    0    
276    15.789349465850979    0    0    0    0    0    0    0    
277    15.838749103103824    0    0    0    0    0    0    0    
278    16.185051681649853    0    0    0    0    0    0    0    
279    15.766792493443278    0    0    0    0    0    0    0    
280    15.897719148877982    0    0    0    0    0    0    0    
281    15.802875837859848    0    0    0    0    0    0    0    
282    15.736651916324812    0    0    0    0    0    0    0    
283    16.234343771282777    0    0    0    0    0    0    0    
284    15.729457488867434    0    0    0    0    0    0    0    
285    15.806874272644013    0    0    0    0    0    0    0    
286    16.456482876359306    0    0    0    0    0    0    0    
287    16.2295721731322    0    0    0    0    0    0    0    
288    15.950362813604205    0    0    0    0    0    0    0    
289    15.432900617764416    0    0    0    0    0    0    0    
290    15.79484748142361    0    0    0    0    0    0    0    
291    15.53502619311842    0    0    0    0    0    0    0    
292    15.99687690965879    0    0    0    0    0    0    0    
293    16.19714949702998    0    0    0    0    0    0    0    
294    16.706494305066702    0    0    0    0    0    0    0    
295    15.893696065108792    0    0    0    0    0    0    0    
296    15.98406099356001    0    0    0    0    0    0    0    
297    15.91994846655855    0    0    0    0    0    0    0    
298    15.498805549578071    0    0    0    0    0    0    0    
299    16.268892492965026    0    0    0    0    0    0    0    
300    16.05571823488689    0    0    0    0    0    0    0    
301    16.25256484860148    0    0    0    0    0    0    0    
302    15.808698788486481    0    0    0    0    0    0    0    
303    16.083797789767644    0    0    0    0    0    0    0    
304    15.310125398100004    0    0    0    0    0    0    0    
305    16.379170729589948    0    0    0    0    0    0    0    
306    16.30916025089202    0    0    0    0    0    0    0    
307    16.15261906815733    0    0    0    0    0    0    0    
308    15.889788743076696    0    0    0    0    0    0    0    
309    15.898998364231378    0    0    0    0    0    0    0    
310    16.01033419717391    0    0    0    0    0    0    0    
311    15.756174880116452    0    0    0    0    0    0    0    
312    16.388231965909153    0    0    0    0    0    0    0    
313    15.984773279132227    0    0    0    0    0    0    0    
314    16.014944347371117    0    0    0    0    0    0    0    
315    16.47428895121879    0    0    0    0    0    0    0    
316    15.714404808149565    0    0    0    0    0    0    0    
317    15.567513708994797    0    0    0    0    0    0    0    
318    16.30228890213558    0    0    0    0    0    0    0    
319    16.308205269003334    0    0    0    0    0    0    0    
320    16.36118073611659    0    0    0    0    0    0    0    
321    15.81013259430937    0    0    0    0    0    0    0    
322    16.187329149425405    0    0    0    0    0    0    0    
323    16.013897456444393    0    0    0    0    0    0    0    
324    15.76619583509618    0    0    0    0    0    0    0    
325    16.099796940269968    0    0    0    0    0    0    0    
326    16.123459973147597    0    0    0    0    0    0    0    
327    16.138109384385956    0    0    0    0    0    0    0    
328    15.988586571746009    0    0    0    0    0    0    0    
329    15.880488105703693    0    0    0    0    0    0    0    
330    16.18390238316123    0    0    0    0    0    0    0    
331    15.974033507538142    0    0    0    0    0    0    0    
332    15.882113300322091    0    0    0    0    0    0    0    
333    16.221937311476438    0    0    0    0    0    0    0    
334    15.70912599758337    0    0    0    0    0    0    0    
335    16.152801635866464    0    0    0    0    0    0    0    
336    15.727578281796887    0    0    0    0    0    0    0    
337    15.976764169900687    0    0    0    0    0    0    0    
338    15.997149367516169    0    0    0    0    0    0    0    
339    15.838152076802892    0    0    0    0    0    0    0    
340    15.807052940059013    0    0    0    0    0    0    0    
341    16.152030201066662    0    0    0    0    0    0    0    
342    16.24367578586085    0    0    0    0    0    0    0    
343    16.234141387228266    0    0    0    0    0    0    0    
344    16.350339564674904    0    0    0    0    0    0    0    
345    15.951438098806252    0    0    0    0    0    0    0    
346    15.917192441341589    0    0    0    0    0    0    0    
347    15.867716448011457    0    0    0    0    0    0    0    
348    15.549317685290454    0    0    0    0    0    0    0    
349    16.314780648539006    0    0    0    0    0    0    0    
350    15.691972629225805    0    0    0    0    0    0    0    
351    15.850098639931929    0    0    0    0    0    0    0    
352    15.844686830287367    0    0    0    0    0    0    0    
353    15.61091867821158    0    0    0    0    0    0    0    
354    16.066294008791395    0    0    0    0    0    0    0    
355    15.766119813928782    0    0    0    0    0    0    0    
356    15.74194629241158    0    0    0    0    0    0    0    
357    16.093419331124906    0    0    0    0    0    0    0    
358    16.047599598020014    0    0    0    0    0    0    0    
359    15.993698675637608    0    0    0    0    0    0    0    
360    15.88171601837813    0    0    0    0    0    0    0    
361    16.283689330365245    0    0    0    0    0    0    0    
362    16.247076874351194    0    0    0    0    0    0    0    
363    16.331855099783308    0    0    0    0    0    0    0    
364    16.24877346770322    0    0    0    0    0    0    0    
365    15.937977515256488    0    0    0    0    0    0    0    
366    16.053069234671323    0    0    0    0    0    0    0    
367    16.189356850555583    0    0    0    0    0    0    0    
368    16.13791876122335    0    0    0    0    0    0    0    
369    15.951900892207755    0    0    0    0    0    0    0    
370    16.08332155294425    0    0    0    0    0    0    0    
371    16.19888716644734    0    0    0    0    0    0    0    
372    15.731349733497078    0    0    0    0    0    0    0    
373    16.13771395284942    0    0    0    0    0    0    0    
374    15.669550582653308    0    0    0    0    0    0    0    
375    15.873314322686591    0    0    0    0    0    0    0    
376    16.04951826389795    0    0    0    0    0    0    0    
377    16.154031464598955    0    0    0    0    0    0    0    
378    16.247824111886665    0    0    0    0    0    0    0    
379    15.889518796126199    0    0    0    0    0    0    0    
380    15.796233899554354    0    0    0    0    0    0    0    
381    16.336831589121754    0    0    0    0    0    0    0    
382    15.717174521023873    0    0    0    0    0    0    0    
383    16.832472816600053    0    0    0    0    0    0    0    
384    16.10701510798111    0    0    0    0    0    0    0    
385    16.111001265450618    0    0    0    0    0    0    0    
386    15.892084388377418    0    0    0    0    0    0    0    
387    15.973217778490818    0    0    0    0    0    0    0    
388    16.26371410632371    0    0    0    0    0    0    0    
389    16.15739416840774    0    0    0    0    0    0    0    
390    15.87678429460379    0    0    0    0    0    0    0    
391    15.883673039373392    0    0    0    0    0    0    0    
392    16.228439441078407    0    0    0    0    0    0    0    
393    15.996879437430803    0    0    0    0    0    0    0    
394    16.050810294274353    0    0    0    0    0    0    0    
395    15.85617939789187    0    0    0    0    0    0    0    
396    16.31606914264189    0    0    0    0    0    0    0    
397    16.091506935631138    0    0    0    0    0    0    0    
398    15.983166530888704    0    0    0    0    0    0    0    
399    15.846806697107583    0    0    0    0    0    0    0    
400    16.1408121280498    0    0    0    0    0    0    0    
401    15.864708197643095    0    0    0    0    0    0    0    
402    16.01048531967106    0    0    0    0    0    0    0    
403    16.107346355686044    0    0    0    0    0    0    0    
404    15.88247271699607    0    0    0    0    0    0    0    
405    15.99469354500899    0    0    0    0    0    0    0    
406    15.686676575656993    0    0    0    0    0    0    0    
407    15.87472340076872    0    0    0    0    0    0    0    
408    16.433435674536007    0    0    0    0    0    0    0    
409    16.040289055689286    0    0    0    0    0    0    0    
410    15.814291208141185    0    0    0    0    0    0    0    
411    15.8596502936057    0    0    0    0    0    0    0    
412    16.148724286486836    0    0    0    0    0    0    0    
413    16.07592437259589    0    0    0    0    0    0    0    
414    15.687102289596632    0    0    0    0    0    0    0    
415    15.890438052255487    0    0    0    0    0    0    0    
416    15.853015211473434    0    0    0    0    0    0    0    
417    16.001032291759017    0    0    0    0    0    0    0    
418    15.7938915310844    0    0    0    0    0    0    0    
419    15.444552800588443    0    0    0    0    0    0    0    
420    16.01349759321973    0    0    0    0    0    0    0    
421    15.77924397056611    0    0    0    0    0    0    0    
422    15.939797640408145    0    0    0    0    0    0    0    
423    16.173356601251758    0    0    0    0    0    0    0    
424    16.118558563496077    0    0    0    0    0    0    0    
425    15.67928881365527    0    0    0    0    0    0    0    
426    15.70880974091721    0    0    0    0    0    0    0    
427    15.946460682237428    0    0    0    0    0    0    0    
428    16.459996951673464    0    0    0    0    0    0    0    
429    16.13502282420754    0    0    0    0    0    0    0    
430    16.341045404272535    0    0    0    0    0    0    0    
431    16.063140165191513    0    0    0    0    0    0    0    
432    16.181077903013943    0    0    0    0    0    0    0    
433    16.14194435780636    0    0    0    0    0    0    0    
434    16.52227955721599    0    0    0    0    0    0    0    
435    15.562914775180094    0    0    0    0    0    0    0    
436    15.976172219275265    0    0    0    0    0    0    0    
437    15.872217663892789    0    0    0    0    0    0    0    
438    15.991245297411387    0    0    0    0    0    0    0    
439    15.791010474050484    0    0    0    0    0    0    0    
440    15.613811251325403    0    0    0    0    0    0    0    
441    16.078711277031825    0    0    0    0    0    0    0    
442    15.799499543548649    0    0    0    0    0    0    0    
443    15.829748296641837    0    0    0    0    0    0    0    
444    16.027875820368124    0    0    0    0    0    0    0    
445    16.376556332306386    0    0    0    0    0    0    0    
446    15.872658656912023    0    0    0    0    0    0    0    
447    15.772968921604363    0    0    0    0    0    0    0    
448    15.107638205165363    0    0    0    0    0    0    0    
449    15.73390956325587    0    0    0    0    0    0    0    
450    16.00249364659746    0    0    0    0    0    0    0    
451    16.450417966130505    0    0    0    0    0    0    0    
452    15.781866076828196    0    0    0    0    0    0    0    
453    15.565272666578862    0    0    0    0    0    0    0    
454    15.671842556015282    0    0    0    0    0    0    0    
455    15.897161891497602    0    0    0    0    0    0    0    
456    15.885481396380747    0    0    0    0    0    0    0    
457    16.02420349581406    0    0    0    0    0    0    0    
458    16.123633316360337    0    0    0    0    0    0    0    
459    16.132614905279514    0    0    0    0    0    0    0    
460    16.033448204344186    0    0    0    0    0    0    0    
461    15.950042632803907    0    0    0    0    0    0    0    
462    16.254117610372745    0    0    0    0    0    0    0    
463    15.690949361988014    0    0    0    0    0    0    0    
464    15.898488409603011    0    0    0    0    0    0    0    
465    15.808424131433561    0    0    0    0    0    0    0    
466    15.50095621726094    0    0    0    0    0    0    0    
467    15.830647477108077    0    0    0    0    0    0    0    
468    16.583225017069083    0    0    0    0    0    0    0    
469    15.818286274885935    0    0    0    0    0    0    0    
470    16.156317801836387    0    0    0    0    0    0    0    
471    15.69601961620354    0    0    0    0    0    0    0    
472    15.67473853763936    0    0    0    0    0    0    0    
473    16.0402165567372    0    0    0    0    0    0    0    
474    16.112278330564532    0    0    0    0    0    0    0    
475    16.11198298496095    0    0    0    0    0    0    0    
476    15.968160085029266    0    0    0    0    0    0    0    
477    16.5236539705688    0    0    0    0    0    0    0    
478    15.593400962960235    0    0    0    0    0    0    0    
479    16.316863880386705    0    0    0    0    0    0    0    
480    15.856792922209188    0    0    0    0    0    0    0    
481    16.157521104436473    0    0    0    0    0    0    0    
482    15.895348651928835    0    0    0    0    0    0    0    
483    15.660129689149692    0    0    0    0    0    0    0    
484    15.516080693205353    0    0    0    0    0    0    0    
485    15.975336248500637    0    0    0    0    0    0    0    
486    15.63438582448183    0    0    0    0    0    0    0    
487    15.869169374265569    0    0    0    0    0    0    0    
488    16.07982650668645    0    0    0    0    0    0    0    
489    15.729388593943769    0    0    0    0    0    0    0    
490    15.838272221990577    0    0    0    0    0    0    0    
491    15.881590796229666    0    0    0    0    0    0    0    
492    16.332020480634007    0    0    0    0    0    0    0    
493    15.829706304156048    0    0    0    0    0    0    0    
494    15.735163915321765    0    0    0    0    0    0    0    
495    16.12280798103928    0    0    0    0    0    0    0    
496    16.0891327337529    0    0    0    0    0    0    0    
497    15.979382958599894    0    0    0    0    0    0    0    
498    16.113774104490023    0    0    0    0    0    0    0    
499    15.610091094833544    0    0    0    0    0    0    0    
500    16.055430008143862    0    0    0    0    0    0    0    
501    15.982807304616728    0    0    0    0    0    0    0    
502    15.872266786715803    0    0    0    0    0    0    0    
503    16.208082243473687    0    0    0    0    0    0    0    
504    15.783424487389409    0    0    0    0    0    0    0    
505    16.477858871127044    0    0    0    0    0    0    0    
506    16.631709569948036    0    0    0    0    0    0    0    
507    15.99258986031347    0    0    0    0    0    0    0    
508    15.65447348052957    0    0    0    0    0    0    0    
509    15.542797683527102    0    0    0    0    0    0    0    
510    16.008052178757268    0    0    0    0    0    0    0    
511    15.987634019443218    0    0    0    0    0    0    0    
512    16.429461455793888    0    0    0    0    0    0    0    
513    16.043123930869882    0    0    0    0    0    0    0    
514    16.036512349381077    0    0    0    0    0    0    0    
515    16.01815793263068    0    0    0    0    0    0    0    
516    16.07181767955447    0    0    0    0    0    0    0    
517    16.19318764006474    0    0    0    0    0    0    0    
518    15.893918397068333    0    0    0    0    0    0    0    
519    16.056791972432674    0    0    0    0    0    0    0    
520    16.081358267276094    0    0    0    0    0    0    0    
521    16.052519318035827    0    0    0    0    0    0    0    
522    15.887072729423569    0    0    0    0    0    0    0    
523    15.551243339352059    0    0    0    0    0    0    0    
524    15.559142556888151    0    0    0    0    0    0    0    
525    15.879885199419746    0    0    0    0    0    0    0    
526    15.581433180738255    0    0    0    0    0    0    0    
527    16.03628895457425    0    0    0    0    0    0    0    
528    16.124248705642184    0    0    0    0    0    0    0    
529    16.12484681901477    0    0    0    0    0    0    0    
530    15.651201666416677    0    0    0    0    0    0    0    
531    15.575959724201477    0    0    0    0    0    0    0    
532    16.125473494718086    0    0    0    0    0    0    0    
533    15.943399145444438    0    0    0    0    0    0    0    
534    16.127683078991392    0    0    0    0    0    0    0    
535    16.020216878064446    0    0    0    0    0    0    0    
536    15.630940844332958    0    0    0    0    0    0    0    
537    15.891696812510324    0    0    0    0    0    0    0    
538    16.408568489464813    0    0    0    0    0    0    0    
539    16.44706994849195    0    0    0    0    0    0    0    
540    15.542306240748927    0    0    0    0    0    0    0    
541    16.079695166824127    0    0    0    0    0    0    0    
542    15.876463090205815    0    0    0    0    0    0    0    
543    16.161201506842385    0    0    0    0    0    0    0    
544    16.044178543554867    0    0    0    0    0    0    0    
545    16.19441646435598    0    0    0    0    0    0    0    
546    15.784465789416034    0    0    0    0    0    0    0    
547    16.0227159194397    0    0    0    0    0    0    0    
548    15.91316368588186    0    0    0    0    0    0    0    
549    16.034073112690624    0    0    0    0    0    0    0    
550    15.936678197472599    0    0    0    0    0    0    0    
551    15.926792048443012    0    0    0    0    0    0    0    
552    15.862595324014473    0    0    0    0    0    0    0    
553    16.16607864966912    0    0    0    0    0    0    0    
554    16.012988779856368    0    0    0    0    0    0    0    
555    15.972178660251064    0    0    0    0    0    0    0    
556    15.680137033417173    0    0    0    0    0    0    0    
557    16.11003140196974    0    0    0    0    0    0    0    
558    16.344555953563766    0    0    0    0    0    0    0    
559    16.235243877172664    0    0    0    0    0    0    0    
560    16.286933519897886    0    0    0    0    0    0    0    
561    16.10762570970102    0    0    0    0    0    0    0    
562    15.964862743836896    0    0    0    0    0    0    0    
563    15.689121696788671    0    0    0    0    0    0    0    
564    16.631491033922995    0    0    0    0    0    0    0    
565    16.077819170726194    0    0    0    0    0    0    0    
566    15.980683350577278    0    0    0    0    0    0    0    
567    16.24624861494959    0    0    0    0    0    0    0    
568    16.014729533365582    0    0    0    0    0    0    0    
569    15.46966993413207    0    0    0    0    0    0    0    
570    15.9050518003575    0    0    0    0    0    0    0    
571    16.11420899678563    0    0    0    0    0    0    0    
572    16.420920602307284    0    0    0    0    0    0    0    
573    15.864546596982924    0    0    0    0    0    0    0    
574    16.505068109168786    0    0    0    0    0    0    0    
575    15.745421592129947    0    0    0    0    0    0    0    
576    15.904985048469692    0    0    0    0    0    0    0    
577    16.10162591635964    0    0    0    0    0    0    0    
578    15.735658107092641    0    0    0    0    0    0    0    
579    16.044222601584178    0    0    0    0    0    0    0    
580    15.83996363627999    0    0    0    0    0    0    0    
581    16.227864884574142    0    0    0    0    0    0    0    
582    15.668551401119833    0    0    0    0    0    0    0    
583    16.041808934187785    0    0    0    0    0    0    0    
584    16.3102051397303    0    0    0    0    0    0    0    
585    15.599172826644965    0    0    0    0    0    0    0    
586    16.268585559001437    0    0    0    0    0    0    0    
587    16.070481643305794    0    0    0    0    0    0    0    
588    15.690612369162936    0    0    0    0    0    0    0    
589    15.973209243300467    0    0    0    0    0    0    0    
590    15.452648802318814    0    0    0    0    0    0    0    
591    15.726036709390154    0    0    0    0    0    0    0    
592    15.75611095385547    0    0    0    0    0    0    0    
593    15.836267728145993    0    0    0    0    0    0    0    
594    15.534333134778157    0    0    0    0    0    0    0    
595    16.137823395826373    0    0    0    0    0    0    0    
596    15.559834628880562    0    0    0    0    0    0    0    
597    15.74899743335226    0    0    0    0    0    0    0    
598    15.761546985124781    0    0    0    0    0    0    0    
599    16.32921176553697    0    0    0    0    0    0    0    
600    16.227014678485816    0    0    0    0    0    0    0    
601    16.054281029136195    0    0    0    0    0    0    0    
602    16.165876004818173    0    0    0    0    0    0    0    
603    16.23078789630069    0    0    0    0    0    0    0    
604    16.20401129001616    0    0    0    0    0    0    0    
605    16.18235883636079    0    0    0    0    0    0    0    
606    16.10566569941252    0    0    0    0    0    0    0    
607    16.05529523876949    0    0    0    0    0    0    0    
608    16.032422417881623    0    0    0    0    0    0    0    
609    16.50201776228927    0    0    0    0    0    0    0    
610    15.842441933996549    0    0    0    0    0    0    0    
611    15.59747339888016    0    0    0    0    0    0    0    
612    15.909474628313385    0    0    0    0    0    0    0    
613    16.000626989610538    0    0    0    0    0    0    0    
614    15.747461896532315    0    0    0    0    0    0    0    
615    16.142294844606408    0    0    0    0    0    0    0    
616    16.002333307957358    0    0    0    0    0    0    0    
617    16.237875280699072    0    0    0    0    0    0    0    
618    15.93760653597532    0    0    0    0    0    0    0    
619    16.151909761417574    0    0    0    0    0    0    0    
620    15.965712364769118    0    0    0    0    0    0    0    
621    16.265353911863635    0    0    0    0    0    0    0    
622    16.27387776206081    0    0    0    0    0    0    0    
623    16.09174424394858    0    0    0    0    0    0    0    
624    16.23698847123106    0    0    0    0    0    0    0    
625    15.48592193483454    0    0    0    0    0    0    0    
626    16.20988983244546    0    0    0    0    0    0    0    
627    16.029739326824558    0    0    0    0    0    0    0    
628    15.800374132830195    0    0    0    0    0    0    0    
629    16.108777889240002    0    0    0    0    0    0    0    
630    16.050899157411134    0    0    0    0    0    0    0    
631    16.176019204645137    0    0    0    0    0    0    0    
632    15.697638861960051    0    0    0    0    0    0    0    
633    15.800551688619205    0    0    0    0    0    0    0    
634    16.02224872455592    0    0    0    0    0    0    0    
635    16.409566532904723    0    0    0    0    0    0    0    
636    16.076770232398815    0    0    0    0    0    0    0    
637    15.518379864844931    0    0    0    0    0    0    0    
638    16.25094695067559    0    0    0    0    0    0    0    
639    16.10635632894821    0    0    0    0    0    0    0    
640    16.080723957266194    0    0    0    0    0    0    0    
641    15.771719007309613    0    0    0    0    0    0    0    
642    15.992865293995377    0    0    0    0    0    0    0    
643    16.144563067881524    0    0    0    0    0    0    0    
644    15.985456041190048    0    0    0    0    0    0    0    
645    16.32820645401566    0    0    0    0    0    0    0    
646    16.06504473723244    0    0    0    0    0    0    0    
647    16.302600213213907    0    0    0    0    0    0    0    
648    16.262150468105318    0    0    0    0    0    0    0    
649    16.39325141780725    0    0    0    0    0    0    0    
650    16.033212525402025    0    0    0    0    0    0    0    
651    15.523702179092963    0    0    0    0    0    0    0    
652    16.17466187588438    0    0    0    0    0    0    0    
653    16.14521795371549    0    0    0    0    0    0    0    
654    15.884330215762716    0    0    0    0    0    0    0    
655    15.712807363565698    0    0    0    0    0    0    0    
656    16.028057678521925    0    0    0    0    0    0    0    
657    15.888587545359067    0    0    0    0    0    0    0    
658    16.113719707401113    0    0    0    0    0    0    0    
659    15.784257542110936    0    0    0    0    0    0    0    