! OpenFAST Deterministic Wind File
#
# Comment lines begin with "!" or "#" or "%", then the data lines must contain the following columns:
#
# If there are only 8 columns, upflow is assumed to be 0.
#
# Parameters are interpolated linearly between time steps; using nearest neighbor before the first time 
# listed in this file and after the last time listed in the file. 
#
! Time     Wind    Wind    Vertical    Horiz.      Pwr.Law     Lin.Vert.   Gust     Upflow
!          Speed   Dir     Speed       Shear       Vert.Shr    Shear       Speed    Angle 
! (sec)    (m/s)   (Deg)   (m/s)                                            (m/s)   (deg)
0    19.780036848300163    0    0    0    0    0    0    0    
1    18.462893519749215    0    0    0    0    0    0    0    
2    18.8045466582054    0    0    0    0    0    0    0    
3    18.534716293056373    0    0    0    0    0    0    0    
4    18.761293864682624    0    0    0    0    0    0    0    
5    18.777307163101312    0    0    0    0    0    0    0    
6    18.725099877774078    0    0    0    0    0    0    0    
7    18.75070105778966    0    0    0    0    0    0    0    
8    18.399917011158852    0    0    0    0    0    0    0    
9    19.028196841021224    0    0    0    0    0    0    0    
10    18.65804035669058    0    0    0    0    0    0    0    
11    18.580870277366795    0    0    0    0    0    0    0    
12    18.701575619364643    0    0    0    0    0    0    0    
13    18.40994935855535    0    0    0    0    0    0    0    
14    18.764372863842805    0    0    0    0    0    0    0    
15    18.6479413570583    0    0    0    0    0    0    0    
16    18.441795907769347    0    0    0    0    0    0    0    
17    18.71077492500702    0    0    0    0    0    0    0    
18    19.234301640708722    0    0    0    0    0    0    0    
19    19.33207477553014    0    0    0    0    0    0    0    
20    18.09419228369685    0    0    0    0    0    0    0    
21    18.81724739693738    0    0    0    0    0    0    0    
22    19.30163299578178    0    0    0    0    0    0    0    
23    19.208279663169005    0    0    0    0    0    0    0    
24    18.458420015000247    0    0    0    0    0    0    0    
25    19.264394822736545    0    0    0    0    0    0    0    
26    19.143089416984733    0    0    0    0    0    0    0    
27    19.609838700812613    0    0    0    0    0    0    0    
28    19.496777404906894    0    0    0    0    0    0    0    
29    18.042065829723246    0    0    0    0    0    0    0    
30    18.913111324436983    0    0    0    0    0    0    0    
31    19.348922687974056    0    0    0    0    0    0    0    
32    18.235674911796693    0    0    0    0    0    0    0    
33    19.3984731588303    0    0    0    0    0    0    0    
34    18.54268201245634    0    0    0    0    0    0    0    
35    18.69071906272361    0    0    0    0    0    0    0    
36    18.701935748444228    0    0    0    0    0    0    0    
37    18.509220678922603    0    0    0    0    0    0    0    
38    18.897199345135974    0    0    0    0    0    0    0    
39    19.188288149586896    0    0    0    0    0    0    0    
40    18.898903084754693    0    0    0    0    0    0    0    
41    18.922514577610464    0    0    0    0    0    0    0    
42    18.374129155372714    0    0    0    0    0    0    0    
43    19.20011654555293    0    0    0    0    0    0    0    
44    19.479727644969604    0    0    0    0    0    0    0    
45    19.493324573047293    0    0    0    0    0    0    0    
46    18.62400343809785    0    0    0    0    0    0    0    
47    18.8160941680411    0    0    0    0    0    0    0    
48    18.441770956376693    0    0    0    0    0    0    0    
49    18.61980040047929    0    0    0    0    0    0    0    
50    19.599938575651993    0    0    0    0    0    0    0    
51    18.161910289927196    0    0    0    0    0    0    0    
52    18.422875912055176    0    0    0    0    0    0    0    
53    18.97208413042197    0    0    0    0    0    0    0    
54    18.154045306577057    0    0    0    0    0    0    0    
55    18.335270729936045    0    0    0    0    0    0    0    
56    19.600843669652473    0    0    0    0    0    0    0    
57    19.177406281950773    0    0    0    0    0    0    0    
58    18.654822598678567    0    0    0    0    0    0    0    
59    19.15645975831642    0    0    0    0    0    0    0    
60    18.670744342475867    0    0    0    0    0    0    0    
61    19.175472572536215    0    0    0    0    0    0    0    
62    19.385397078982542    0    0    0    0    0    0    0    
63    18.399199808229824    0    0    0    0    0    0    0    
64    17.85294756269123    0    0    0    0    0    0    0    
65    18.77434381580526    0    0    0    0    0    0    0    
66    19.181426838432806    0    0    0    0    0    0    0    
67    19.333840081874555    0    0    0    0    0    0    0    
68    19.45457016740036    0    0    0    0    0    0    0    
69    19.003641001496867    0    0    0    0    0    0    0    
70    19.662303695088344    0    0    0    0    0    0    0    
71    19.40456598091537    0    0    0    0    0    0    0    
72    19.00919244224409    0    0    0    0    0    0    0    
73    18.22044134735419    0    0    0    0    0    0    0    
74    18.20260960473873    0    0    0    0    0    0    0    
75    19.650535442125907    0    0    0    0    0    0    0    
76    19.931237893254206    0    0    0    0    0    0    0    
77    19.437513354122597    0    0    0    0    0    0    0    
78    18.078679765800253    0    0    0    0    0    0    0    
79    18.67266580195935    0    0    0    0    0    0    0    
80    18.417410542998503    0    0    0    0    0    0    0    
81    18.8286062559357    0    0    0    0    0    0    0    
82    18.499010204456308    0    0    0    0    0    0    0    
83    19.633463915432394    0    0    0    0    0    0    0    
84    19.726188825736095    0    0    0    0    0    0    0    
85    19.310075141817787    0    0    0    0    0    0    0    
86    18.266145099066748    0    0    0    0    0    0    0    
87    18.74746138453367    0    0    0    0    0    0    0    
88    19.045443556048298    0    0    0    0    0    0    0    
89    18.41934051814045    0    0    0    0    0    0    0    
90    18.692281074183065    0    0    0    0    0    0    0    
91    19.09923520933936    0    0    0    0    0    0    0    
92    19.387637037704714    0    0    0    0    0    0    0    
93    19.61425601755764    0    0    0    0    0    0    0    
94    19.409031703424727    0    0    0    0    0    0    0    
95    19.187981566358896    0    0    0    0    0    0    0    
96    19.006280909125152    0    0    0    0    0    0    0    
97    18.991672296061786    0    0    0    0    0    0    0    
98    19.334809403144043    0    0    0    0    0    0    0    
99    19.18085614343741    0    0    0    0    0    0    0    
100    19.28608252726865    0    0    0    0    0    0    0    
101    18.695340414791346    0    0    0    0    0    0    0    
102    19.559535768218456    0    0    0    0    0    0    0    
103    18.785572269268418    0    0    0    0    0    0    0    
104    18.97645558733969    0    0    0    0    0    0    0    
105    18.176648661618714    0    0    0    0    0    0    0    
106    18.724146715560558    0    0    0    0    0    0    0    
107    19.381127420215186    0    0    0    0    0    0    0    
108    18.895157415304    0    0    0    0    0    0    0    
109    19.309560513706337    0    0    0    0    0    0    0    
110    17.78458028175708    0    0    0    0    0    0    0    
111    18.147217545458062    0    0    0    0    0    0    0    
112    19.313228430569776    0    0    0    0    0    0    0    
113    18.06489574166167    0    0    0    0    0    0    0    
114    18.04507366961369    0    0    0    0    0    0    0    
115    18.17438703955099    0    0    0    0    0    0    0    
116    17.91376090609825    0    0    0    0    0    0    0    
117    18.553064958993787    0    0    0    0    0    0    0    
118    18.253737567606517    0    0    0    0    0    0    0    
119    19.258198611137363    0    0    0    0    0    0    0    
120    18.57936862228858    0    0    0    0    0    0    0    
121    19.009462348496072    0    0    0    0    0    0    0    
122    18.71851775376102    0    0    0    0    0    0    0    
123    18.409368482886833    0    0    0    0    0    0    0    
124    19.33557713898577    0    0    0    0    0    0    0    
125    18.820687435965674    0    0    0    0    0    0    0    
126    18.623810553457854    0    0    0    0    0    0    0    
127    19.36722307984067    0    0    0    0    0    0    0    
128    18.614029155937214    0    0    0    0    0    0    0    
129    18.22027585398375    0    0    0    0    0    0    0    
130    18.818517525986053    0    0    0    0    0    0    0    
131    19.51061448167736    0    0    0    0    0    0    0    
132    18.97683665072257    0    0    0    0    0    0    0    
133    18.156355823580046    0    0    0    0    0    0    0    
134    19.48835469751935    0    0    0    0    0    0    0    
135    18.08520598655692    0    0    0    0    0    0    0    
136    19.19332496762362    0    0    0    0    0    0    0    
137    18.238850767321438    0    0    0    0    0    0    0    
138    18.33613318153698    0    0    0    0    0    0    0    
139    18.383876867743325    0    0    0    0    0    0    0    
140    18.242223031839544    0    0    0    0    0    0    0    
141    18.527031737939097    0    0    0    0    0    0    0    
142    18.53831528787877    0    0    0    0    0    0    0    
143    19.013655692636885    0    0    0    0    0    0    0    
144    18.958240768701607    0    0    0    0    0    0    0    
145    18.68591391785427    0    0    0    0    0    0    0    
146    19.27560742353692    0    0    0    0    0    0    0    
147    19.040688441891994    0    0    0    0    0    0    0    
148    17.95151673088437    0    0    0    0    0    0    0    
149    18.406702518061653    0    0    0    0    0    0    0    
150    19.04667470990956    0    0    0    0    0    0    0    
151    18.443049663611905    0    0    0    0    0    0    0    
152    18.474232164335547    0    0    0    0    0    0    0    
153    19.03721089172866    0    0    0    0    0    0    0    
154    18.769433216520596    0    0    0    0    0    0    0    
155    18.670432152237098    0    0    0    0    0    0    0    
156    18.866518570937988    0    0    0    0    0    0    0    
157    18.773974933718318    0    0    0    0    0    0    0    
158    19.768953499236165    0    0    0    0    0    0    0    
159    19.463627754316352    0    0    0    0    0    0    0    
160    18.090934939304624    0    0    0    0    0    0    0    
161    18.907758825688795    0    0    0    0    0    0    0    
162    18.30495987786973    0    0    0    0    0    0    0    
163    18.314213597112573    0    0    0    0    0    0    0    
164    17.714567470696856    0    0    0    0    0    0    0    
165    18.968064537475595    0    0    0    0    0    0    0    
166    19.217733466264875    0    0    0    0    0    0    0    
167    18.65329897209317    0    0    0    0    0    0    0    
168    19.46492767432661    0    0    0    0    0    0    0    
169    18.108133034859875    0    0    0    0    0    0    0    
170    19.180350993366176    0    0    0    0    0    0    0    
171    18.128396600399515    0    0    0    0    0    0    0    
172    18.42786494715337    0    0    0    0    0    0    0    
173    19.119700778569516    0    0    0    0    0    0    0    
174    19.01698850644429    0    0    0    0    0    0    0    
175    18.4796756370075    0    0    0    0    0    0    0    
176    18.553455118879448    0    0    0    0    0    0    0    
177    19.361751934474817    0    0    0    0    0    0    0    
178    18.723143524197585    0    0    0    0    0    0    0    
179    18.7823996861447    0    0    0    0    0    0    0    
180    18.0895095741269    0    0    0    0    0    0    0    
181    18.281393548653508    0    0    0    0    0    0    0    
182    18.227943151153617    0    0    0    0    0    0    0    
183    18.653608001649193    0    0    0    0    0    0    0    
184    17.659328812150683    0    0    0    0    0    0    0    
185    18.5768326522367    0    0    0    0    0    0    0    
186    18.917248804670358    0    0    0    0    0    0    0    
187    18.188910665300682    0    0    0    0    0    0    0    
188    18.993200666989964    0    0    0    0    0    0    0    
189    19.200497996060676    0    0    0    0    0    0    0    
190    18.531099610675287    0    0    0    0    0    0    0    
191    19.49334423984169    0    0    0    0    0    0    0    
192    18.441648267971548    0    0    0    0    0    0    0    
193    18.218926076440894    0    0    0    0    0    0    0    
194    18.676516131167375    0    0    0    0    0    0    0    
195    18.43307518508887    0    0    0    0    0    0    0    
196    18.741926483630355    0    0    0    0    0    0    0    
197    18.643220799253463    0    0    0    0    0    0    0    
198    19.295474916461202    0    0    0    0    0    0    0    
199    18.250323115300247    0    0    0    0    0    0    0    
200    18.827868158372365    0    0    0    0    0    0    0    
201    18.538734121848538    0    0    0    0    0    0    0    
202    18.503009240159972    0    0    0    0    0    0    0    
203    18.484962117696146    0    0    0    0    0    0    0    
204    18.111694911212876    0    0    0    0    0    0    0    
205    17.972859685622986    0    0    0    0    0    0    0    
206    19.06769756154143    0    0    0    0    0    0    0    
207    18.384578933439627    0    0    0    0    0    0    0    
208    19.91681106971873    0    0    0    0    0    0    0    
209    19.010519508255882    0    0    0    0    0    0    0    
210    19.147223503681104    0    0    0    0    0    0    0    
211    19.256397939552677    0    0    0    0    0    0    0    
212    18.791062029326724    0    0    0    0    0    0    0    
213    18.419875594923845    0    0    0    0    0    0    0    
214    19.503447891555627    0    0    0    0    0    0    0    
215    19.48067622897946    0    0    0    0    0    0    0    
216    19.141835209173724    0    0    0    0    0    0    0    
217    18.83224749007991    0    0    0    0    0    0    0    
218    18.034459628805116    0    0    0    0    0    0    0    
219    18.655463473759742    0    0    0    0    0    0    0    
220    19.00653731063227    0    0    0    0    0    0    0    
221    18.87774657764544    0    0    0    0    0    0    0    
222    19.212714524677473    0    0    0    0    0    0    0    
223    19.980805372899802    0    0    0    0    0    0    0    
224    18.537195075585565    0    0    0    0    0    0    0    
225    19.209398976149874    0    0    0    0    0    0    0    
226    18.20124606387318    0    0    0    0    0    0    0    
227    18.72672499269458    0    0    0    0    0    0    0    
228    19.878461112794042    0    0    0    0    0    0    0    
229    18.19307648011884    0    0    0    0    0    0    0    
230    18.39960354913308    0    0    0    0    0    0    0    
231    19.106466406993086    0    0    0    0    0    0    0    
232    18.748899882733603    0    0    0    0    0    0    0    
233    18.831792655905428    0    0    0    0    0    0    0    
234    18.702772761753955    0    0    0    0    0    0    0    
235    18.37606849609209    0    0    0    0    0    0    0    
236    18.666144347701806    0    0    0    0    0    0    0    
237    17.870425117090615    0    0    0    0    0    0    0    
238    18.937988822028345    0    0    0    0    0    0    0    
239    19.17768968122269    0    0    0    0    0    0    0    
240    19.67078643480411    0    0    0    0    0    0    0    
241    19.539411141758304    0    0    0    0    0    0    0    
242    18.215220128269547    0    0    0    0    0    0    0    
243    17.857369750578354    0    0    0    0    0    0    0    
244    18.560062803403518    0    0    0    0    0    0    0    
245    19.478226160860693    0    0    0    0    0    0    0    
246    18.220390632579615    0    0    0    0    0    0    0    
247    19.029007556077175    0    0    0    0    0    0    0    
248    18.98596309491625    0    0    0    0    0    0    0    
249    19.261212773253707    0    0    0    0    0    0    0    
250    18.486547931693604    0    0    0    0    0    0    0    
251    19.64041863395611    0    0    0    0    0    0    0    
252    19.34328154869124    0    0    0    0    0    0    0    
253    19.020350474601834    0    0    0    0    0    0    0    
254    18.36227104431815    0    0    0    0    0    0    0    
255    18.73177414106359    0    0    0    0    0    0    0    
256    18.695761828161356    0    0    0    0    0    0    0    
257    18.634097989090687    0    0    0    0    0    0    0    
258    18.357574713822167    0    0    0    0    0    0    0    
259    19.399744897201554    0    0    0    0    0    0    0    
260    18.627363095839346    0    0    0    0    0    0    0    
261    19.09174468280941    0    0    0    0    0    0    0    
262    18.996778188621352    0    0    0    0    0    0    0    
263    18.399142108007236    0    0    0    0    0    0    0    
264    18.70825526817908    0    0    0    0    0    0    0    
265    18.544379379814703    0    0    0    0    0    0    0    
266    18.67982009190281    0    0    0    0    0    0    0    
267    18.48844049730351    0    0    0    0    0    0    0    
268    18.19676801867674    0    0    0    0    0    0    0    
269    18.61772811494542    0    0    0    0    0    0    0    
270    18.037575537163146    0    0    0    0    0    0    0    
271    18.526873158242232    0    0    0    0    0    0    0    
272    19.02015728482573    0    0    0    0    0    0    0    
273    18.47277894974717    0    0    0    0    0    0    0    
274    18.448654903741236    0    0    0    0    0    0    0    
275    19.347409490961894    0    0    0    0    0    0    0    
276    18.603577666343426    0    0    0    0    0    0    0    
277    18.316465483660583    0    0    0    0    0    0    0    
278    19.133942067506506    0    0    0    0    0    0    0    
279    19.152263979434967    0    0    0    0    0    0    0    
280    18.806314463546446    0    0    0    0    0    0    0    
281    18.498566568194416    0    0    0    0    0    0    0    
282    18.95070099724684    0    0    0    0    0    0    0    
283    18.566295442646613    0    0    0    0    0    0    0    
284    19.21138941562062    0    0    0    0    0    0    0    
285    19.1769532897694    0    0    0    0    0    0    0    
286    19.23833142075535    0    0    0    0    0    0    0    
287    18.314074694024367    0    0    0    0    0    0    0    
288    18.86391075351075    0    0    0    0    0    0    0    
289    18.05615089297238    0    0    0    0    0    0    0    
290    19.365787646565284    0    0    0    0    0    0    0    
291    19.33717122483483    0    0    0    0    0    0    0    
292    18.959036868271426    0    0    0    0    0    0    0    
293    17.7998269888435    0    0    0    0    0    0    0    
294    18.58303473613588    0    0    0    0    0    0    0    
295    20.080986776030255    0    0    0    0    0    0    0    
296    19.525856226368468    0    0    0    0    0    0    0    
297    18.95981163855308    0    0    0    0    0    0    0    
298    18.96396180441671    0    0    0    0    0    0    0    
299    19.2392246285026    0    0    0    0    0    0    0    
300    19.21758261115001    0    0    0    0    0    0    0    
301    18.710711289825053    0    0    0    0    0    0    0    
302    19.36551489842099    0    0    0    0    0    0    0    
303    18.550141631119857    0    0    0    0    0    0    0    
304    18.778241933806438    0    0    0    0    0    0    0    
305    18.252395918169295    0    0    0    0    0    0    0    
306    18.56136305543478    0    0    0    0    0    0    0    
307    18.415223743814654    0    0    0    0    0    0    0    
308    18.544319781200702    0    0    0    0    0    0    0    
309    19.04035900003387    0    0    0    0    0    0    0    
310    18.355652224968768    0    0    0    0    0    0    0    
311    18.59579427040803    0    0    0    0    0    0    0    
312    19.137014763679336    0    0    0    0    0    0    0    
313    18.608743954256962    0    0    0    0    0    0    0    
314    19.919248613193123    0    0    0    0    0    0    0    
315    18.72427366822309    0    0    0    0    0    0    0    
316    19.551197848335104    0    0    0    0    0    0    0    
317    19.777796946955092    0    0    0    0    0    0    0    
318    18.59780491323977    0    0    0    0    0    0    0    
319    18.722299858474113    0    0    0    0    0    0    0    
320    19.19459991065224    0    0    0    0    0    0    0    
321    19.195020728039687    0    0    0    0    0    0    0    
322    19.081511343085683    0    0    0    0    0    0    0    
323    19.142504257397952    0    0    0    0    0    0    0    
324    19.731945109634434    0    0    0    0    0    0    0    
325    19.967383261247438    0    0    0    0    0    0    0    
326    19.021397460355193    0    0    0    0    0    0    0    
327    18.80925672782495    0    0    0    0    0    0    0    
328    18.833668208559114    0    0    0    0    0    0    0    
329    18.937609989322922    0    0    0    0    0    0    0    
330    19.200612336063383    0    0    0    0    0    0    0    
331    19.20483623231386    0    0    0    0    0    0    0    
332    18.185397222194613    0    0    0    0    0    0    0    
333    18.470798498030803    0    0    0    0    0    0    0    
334    18.799905153051554    0    0    0    0    0    0    0    
335    19.240147919948654    0    0    0    0    0    0    0    
336    18.733690935975357    0    0    0    0    0    0    0    
337    19.33790338901573    0    0    0    0    0    0    0    
338    18.8741005570151    0    0    0    0    0    0    0    
339    18.213931563173624    0    0    0    0    0    0    0    
340    18.229851560870642    0    0    0    0    0    0    0    
341    19.198795357792022    0    0    0    0    0    0    0    
342    19.408037442709375    0    0    0    0    0    0    0    
343    19.294030406339914    0    0    0    0    0    0    0    
344    19.337516077250708    0    0    0    0    0    0    0    
345    18.080656840489436    0    0    0    0    0    0    0    
346    18.79577069170762    0    0    0    0    0    0    0    
347    18.518786162504124    0    0    0    0    0    0    0    
348    18.533903522865565    0    0    0    0    0    0    0    
349    18.070728584880467    0    0    0    0    0    0    0    
350    19.639908396709053    0    0    0    0    0    0    0    
351    17.77311381891976    0    0    0    0    0    0    0    
352    19.099667273588647    0    0    0    0    0    0    0    
353    18.25041859209604    0    0    0    0    0    0    0    
354    18.739081741437897    0    0    0    0    0    0    0    
355    17.65223120006436    0    0    0    0    0    0    0    
356    18.207297275046606    0    0    0    0    0    0    0    
357    19.534168390047544    0    0    0    0    0    0    0    
358    18.664455415385056    0    0    0    0    0    0    0    
359    19.348126568719163    0    0    0    0    0    0    0    
360    18.64596856460608    0    0    0    0    0    0    0    
361    18.891525160493632    0    0    0    0    0    0    0    
362    18.94210866959928    0    0    0    0    0    0    0    
363    18.843308339296442    0    0    0    0    0    0    0    
364    18.673877658811005    0    0    0    0    0    0    0    
365    18.384019637932433    0    0    0    0    0    0    0    
366    19.057415284642413    0    0    0    0    0    0    0    
367    18.452152720833812    0    0    0    0    0    0    0    
368    19.635821388968797    0    0    0    0    0    0    0    
369    18.600773854492488    0    0    0    0    0    0    0    
370    19.347290430828604    0    0    0    0    0    0    0    
371    18.4203135256787    0    0    0    0    0    0    0    
372    18.770386880389946    0    0    0    0    0    0    0    
373    18.506786552649757    0    0    0    0    0    0    0    
374    18.4306136161235    0    0    0    0    0    0    0    
375    19.600687067011705    0    0    0    0    0    0    0    
376    19.205454378426452    0    0    0    0    0    0    0    
377    18.361526216404016    0    0    0    0    0    0    0    
378    18.760042797340233    0    0    0    0    0    0    0    
379    18.051185301210094    0    0    0    0    0    0    0    
380    18.471287328831057    0    0    0    0    0    0    0    
381    18.913973239585683    0    0    0    0    0    0    0    
382    18.128899994537665    0    0    0    0    0    0    0    
383    18.616570963052872    0    0    0    0    0    0    0    
384    18.507630189359347    0    0    0    0    0    0    0    
385    19.03746176701298    0    0    0    0    0    0    0    
386    19.100185101744227    0    0    0    0    0    0    0    
387    18.306611777180734    0    0    0    0    0    0    0    
388    19.450525244830196    0    0    0    0    0    0    0    
389    19.04735984541442    0    0    0    0    0    0    0    
390    19.186606617617315    0    0    0    0    0    0    0    
391    17.692720407721023    0    0    0    0    0    0    0    
392    18.559936381046228    0    0    0    0    0    0    0    
393    18.661020890416147    0    0    0    0    0    0    0    
394    17.74205254976945    0    0    0    0    0    0    0    
395    19.5642455554798    0    0    0    0    0    0    0    
396    19.318056148599    0    0    0    0    0    0    0    
397    18.375331522372623    0    0    0    0    0    0    0    
398    18.285363166524064    0    0    0    0    0    0    0    
399    19.652468727075217    0    0    0    0    0    0    0    
400    18.60198059187992    0    0    0    0    0    0    0    
401    18.511982942432045    0    0    0    0    0    0    0    
402    19.11390822306264    0    0    0    0    0    0    0    
403    18.20421546877965    0    0    0    0    0    0    0    
404    18.431822494774003    0    0    0    0    0    0    0    
405    18.75657837854816    0    0    0    0    0    0    0    
406    18.94278590494103    0    0    0    0    0    0    0    
407    19.866085045644333    0    0    0    0    0    0    0    
408    18.087710495538566    0    0    0    0    0    0    0    
409    19.156683766223793    0    0    0    0    0    0    0    
410    18.131433282817028    0    0    0    0    0    0    0    
411    19.15579620166107    0    0    0    0    0    0    0    
412    17.79702808465497    0    0    0    0    0    0    0    
413    18.724951863917976    0    0    0    0    0    0    0    
414    19.006038835738714    0    0    0    0    0    0    0    
415    19.337758440611847    0    0    0    0    0    0    0    
416    19.82269922339742    0    0    0    0    0    0    0    
417    19.18298189029263    0    0    0    0    0    0    0    
418    18.58735864096928    0    0    0    0    0    0    0    
419    19.296324627163795    0    0    0    0    0    0    0    
420    17.978292565460947    0    0    0    0    0    0    0    
421    18.4784451410229    0    0    0    0    0    0    0    
422    18.605556111438265    0    0    0    0    0    0    0    
423    18.92039462582479    0    0    0    0    0    0    0    
424    19.975479342389576    0    0    0    0    0    0    0    
425    18.852652137896552    0    0    0    0    0    0    0    
426    18.598267641260588    0    0    0    0    0    0    0    
427    18.46058766510594    0    0    0    0    0    0    0    
428    19.22132831199026    0    0    0    0    0    0    0    
429    19.429913075277856    0    0    0    0    0    0    0    
430    17.52458993692132    0    0    0    0    0    0    0    
431    19.247011524635685    0    0    0    0    0    0    0    
432    18.740944178530604    0    0    0    0    0    0    0    
433    19.20200815957141    0    0    0    0    0    0    0    
434    18.635901963633483    0    0    0    0    0    0    0    
435    18.793899522058744    0    0    0    0    0    0    0    
436    19.223621069552994    0    0    0    0    0    0    0    
437    18.258740982053396    0    0    0    0    0    0    0    
438    18.575977314291396    0    0    0    0    0    0    0    
439    19.759200172728654    0    0    0    0    0    0    0    
440    18.60791880469862    0    0    0    0    0    0    0    
441    17.746366368379054    0    0    0    0    0    0    0    
442    17.81301698726537    0    0    0    0    0    0    0    
443    19.139211239341257    0    0    0    0    0    0    0    
444    18.134461534720412    0    0    0    0    0    0    0    
445    19.669225600063623    0    0    0    0    0    0    0    
446    19.17686825527678    0    0    0    0    0    0    0    
447    18.387438524371053    0    0    0    0    0    0    0    
448    18.09445041619223    0    0    0    0    0    0    0    
449    18.32413464770165    0    0    0    0    0    0    0    
450    18.642031362820997    0    0    0    0    0    0    0    
451    18.213563524919312    0    0    0    0    0    0    0    
452    17.850825526484584    0    0    0    0    0    0    0    
453    18.901439925355128    0    0    0    0    0    0    0    
454    18.53810664827891    0    0    0    0    0    0    0    
455    19.75243322129297    0    0    0    0    0    0    0    
456    18.360789059811154    0    0    0    0    0    0    0    
457    19.645860334059005    0    0    0    0    0    0    0    
458    19.342867789218168    0    0    0    0    0    0    0    
459    18.550350853909716    0    0    0    0    0    0    0    
460    18.607971892959718    0    0    0    0    0    0    0    
461    18.757994824676945    0    0    0    0    0    0    0    
462    18.715320950894434    0    0    0    0    0    0    0    
463    19.637106751756544    0    0    0    0    0    0    0    
464    18.76669003128579    0    0    0    0    0    0    0    
465    19.639000932339133    0    0    0    0    0    0    0    
466    18.59320768388869    0    0    0    0    0    0    0    
467    19.150320511378627    0    0    0    0    0    0    0    
468    18.59337822045431    0    0    0    0    0    0    0    
469    18.845971764643775    0    0    0    0    0    0    0    
470    18.621337983714024    0    0    0    0    0    0    0    
471    19.1657005635494    0    0    0    0    0    0    0    
472    18.654455872655536    0    0    0    0    0    0    0    
473    18.785156053577506    0    0    0    0    0    0    0    
474    18.443950400941937    0    0    0    0    0    0    0    
475    18.795755422281793    0    0    0    0    0    0    0    
476    18.85982039465766    0    0    0    0    0    0    0    
477    17.945925594640148    0    0    0    0    0    0    0    
478    18.568198211124404    0    0    0    0    0    0    0    
479    18.920042205053505    0    0    0    0    0    0    0    
480    19.187585343021826    0    0    0    0    0    0    0    
481    17.639447838537023    0    0    0    0    0    0    0    
482    18.733582081454554    0    0    0    0    0    0    0    
483    18.835612325260684    0    0    0    0    0    0    0    
484    19.973180064918722    0    0    0    0    0    0    0    
485    19.22075503956758    0    0    0    0    0    0    0    
486    19.464977370192287    0    0    0    0    0    0    0    
487    18.654481822739946    0    0    0    0    0    0    0    
488    18.77643597025782    0    0    0    0    0    0    0    
489    19.13516107350955    0    0    0    0    0    0    0    
490    19.463530613066485    0    0    0    0    0    0    0    
491    18.951549256428645    0    0    0    0    0    0    0    
492    18.661681629833726    0    0    0    0    0    0    0    
493    18.153250798028164    0    0    0    0    0    0    0    
494    19.28802546731532    0    0    0    0    0    0    0    
495    19.215157307542018    0    0    0    0    0    0    0    
496    18.259478443458445    0    0    0    0    0    0    0    
497    17.9252957875415    0    0    0    0    0    0    0    
498    19.003448343791007    0    0    0    0    0    0    0    
499    18.36694032378606    0    0    0    0    0    0    0    
500    19.709218040032507    0    0    0    0    0    0    0    
501    19.150793568240037    0    0    0    0    0    0    0    
502    17.736061714155845    0    0    0    0    0    0    0    
503    19.133475003263364    0    0    0    0    0    0    0    
504    18.641087735271224    0    0    0    0    0    0    0    
505    19.517855249772687    0    0    0    0    0    0    0    
506    18.76437513074104    0    0    0    0    0    0    0    
507    17.662078329158668    0    0    0    0    0    0    0    
508    18.264045139640054    0    0    0    0    0    0    0    
509    19.404426811764516    0    0    0    0    0    0    0    
510    19.23556162712609    0    0    0    0    0    0    0    
511    17.52572345051652    0    0    0    0    0    0    0    
512    19.5025513203726    0    0    0    0    0    0    0    
513    18.52838923568691    0    0    0    0    0    0    0    
514    18.742907130162724    0    0    0    0    0    0    0    
515    18.992642592082728    0    0    0    0    0    0    0    
516    18.36213195472013    0    0    0    0    0    0    0    
517    17.864945116419843    0    0    0    0    0    0    0    
518    18.487578695583775    0    0    0    0    0    0    0    
519    17.72375773180618    0    0    0    0    0    0    0    
520    19.41084019011715    0    0    0    0    0    0    0    
521    19.05378783236264    0    0    0    0    0    0    0    
522    19.26789980111196    0    0    0    0    0    0    0    
523    18.931970148872708    0    0    0    0    0    0    0    
524    18.43461541193328    0    0    0    0    0    0    0    
525    18.15424892228349    0    0    0    0    0    0    0    
526    18.655996203777985    0    0    0    0    0    0    0    
527    18.62564625776985    0    0    0    0    0    0    0    
528    19.096567949735103    0    0    0    0    0    0    0    
529    18.87070454719804    0    0    0    0    0    0    0    
530    18.456807639188785    0    0    0    0    0    0    0    
531    18.931926583138114    0    0    0    0    0    0    0    
532    17.855136087241846    0    0    0    0    0    0    0    
533    18.80756999294271    0    0    0    0    0    0    0    
534    18.942115737015204    0    0    0    0    0    0    0    
535    18.74638444694361    0    0    0    0    0    0    0    
536    18.941557683918415    0    0    0    0    0    0    0    
537    18.787361077133706    0    0    0    0    0    0    0    
538    18.42854080078624    0    0    0    0    0    0    0    
539    18.85338882900253    0    0    0    0    0    0    0    
540    18.44182410794051    0    0    0    0    0    0    0    
541    18.950546788390568    0    0    0    0    0    0    0    
542    18.106088914607216    0    0    0    0    0    0    0    
543    17.813415315123624    0    0    0    0    0    0    0    
544    18.7211160764416    0    0    0    0    0    0    0    
545    19.37713314197725    0    0    0    0    0    0    0    
546    17.981368955998473    0    0    0    0    0    0    0    
547    19.344711738112622    0    0    0    0    0    0    0    
548    19.439916264416215    0    0    0    0    0    0    0    
549    19.11336541099896    0    0    0    0    0    0    0    
550    18.874160343934847    0    0    0    0    0    0    0    
551    18.635978025882643    0    0    0    0    0    0    0    
552    19.16156261667271    0    0    0    0    0    0    0    
553    18.959314619384017    0    0    0    0    0    0    0    
554    18.550965703492594    0    0    0    0    0    0    0    
555    19.206074669806963    0    0    0    0    0    0    0    
556    18.416061450548995    0    0    0    0    0    0    0    
557    18.9562213611859    0    0    0    0    0    0    0    
558    18.38822723923871    0    0    0    0    0    0    0    
559    19.072003988645736    0    0    0    0    0    0    0    
560    18.43939006355165    0    0    0    0    0    0    0    
561    18.0098868280968    0    0    0    0    0    0    0    
562    18.889813991503793    0    0    0    0    0    0    0    
563    18.498286234967264    0    0    0    0    0    0    0    
564    18.957194985639692    0    0    0    0    0    0    0    
565    18.916422467916863    0    0    0    0    0    0    0    
566    19.76075025657109    0    0    0    0    0    0    0    
567    18.454965327202245    0    0    0    0    0    0    0    
568    19.2592153407572    0    0    0    0    0    0    0    
569    18.83838309464143    0    0    0    0    0    0    0    
570    19.307343096128893    0    0    0    0    0    0    0    
571    18.397891021682828    0    0    0    0    0    0    0    
572    18.577538629610466    0    0    0    0    0    0    0    
573    19.771629253015266    0    0    0    0    0    0    0    
574    18.628748985518964    0    0    0    0    0    0    0    
575    17.812570798584346    0    0    0    0    0    0    0    
576    18.44801883477937    0    0    0    0    0    0    0    
577    17.996704239709718    0    0    0    0    0    0    0    
578    18.864250053340488    0    0    0    0    0    0    0    
579    18.091240838832874    0    0    0    0    0    0    0    
580    17.314501033018512    0    0    0    0    0    0    0    
581    19.14686343482241    0    0    0    0    0    0    0    
582    18.51869144116224    0    0    0    0    0    0    0    
583    18.44838960593324    0    0    0    0    0    0    0    
584    19.657541178167644    0    0    0    0    0    0    0    
585    19.50938326857041    0    0    0    0    0    0    0    
586    18.59887633047187    0    0    0    0    0    0    0    
587    18.547717582369657    0    0    0    0    0    0    0    
588    18.584484283301187    0    0    0    0    0    0    0    
589    18.67438522104756    0    0    0    0    0    0    0    
590    18.44415952010866    0    0    0    0    0    0    0    
591    18.329296853077803    0    0    0    0    0    0    0    
592    18.700384736274735    0    0    0    0    0    0    0    
593    18.548400002905602    0    0    0    0    0    0    0    
594    17.897296322932817    0    0    0    0    0    0    0    
595    19.441406309260216    0    0    0    0    0    0    0    
596    19.013502181618062    0    0    0    0    0    0    0    
597    18.559266714103916    0    0    0    0    0    0    0    
598    18.99218693145605    0    0    0    0    0    0    0    
599    19.843694740835506    0    0    0    0    0    0    0    
600    19.145775583150915    0    0    0    0    0    0    0    
601    18.334992015581264    0    0    0    0    0    0    0    
602    18.12317232236209    0    0    0    0    0    0    0    
603    18.56015143802355    0    0    0    0    0    0    0    
604    19.21478912783936    0    0    0    0    0    0    0    
605    18.52707440957469    0    0    0    0    0    0    0    
606    19.65627988119374    0    0    0    0    0    0    0    
607    18.498374881661192    0    0    0    0    0    0    0    
608    19.203813689739345    0    0    0    0    0    0    0    
609    18.983241940610476    0    0    0    0    0    0    0    
610    18.527018013121857    0    0    0    0    0    0    0    
611    18.579987266872156    0    0    0    0    0    0    0    
612    19.981969883778838    0    0    0    0    0    0    0    
613    19.33867405787155    0    0    0    0    0    0    0    
614    19.28062707200734    0    0    0    0    0    0    0    
615    18.270418386912404    0    0    0    0    0    0    0    
616    18.487952874081007    0    0    0    0    0    0    0    
617    18.464149027497076    0    0    0    0    0    0    0    
618    18.5715533635204    0    0    0    0    0    0    0    
619    18.123663359366883    0    0    0    0    0    0    0    
620    18.823203951823327    0    0    0    0    0    0    0    
621    18.93086800252519    0    0    0    0    0    0    0    
622    18.465156188982547    0    0    0    0    0    0    0    
623    19.171270531021396    0    0    0    0    0    0    0    
624    19.3930403923075    0    0    0    0    0    0    0    
625    18.321131112765123    0    0    0    0    0    0    0    
626    18.5418600616093    0    0    0    0    0    0    0    
627    18.98504956905963    0    0    0    0    0    0    0    
628    18.150948262488697    0    0    0    0    0    0    0    
629    18.447728085922826    0    0    0    0    0    0    0    
630    18.602423572118617    0    0    0    0    0    0    0    
631    19.209341365411607    0    0    0    0    0    0    0    
632    18.763323062491555    0    0    0    0    0    0    0    
633    19.165809473742044    0    0    0    0    0    0    0    
634    19.308790363666837    0    0    0    0    0    0    0    
635    18.19319389288625    0    0    0    0    0    0    0    
636    18.54191252640214    0    0    0    0    0    0    0    
637    19.036852948831708    0    0    0    0    0    0    0    
638    17.651889586879356    0    0    0    0    0    0    0    
639    18.38257815202439    0    0    0    0    0    0    0    
640    17.883799286200542    0    0    0    0    0    0    0    
641    19.95108303577011    0    0    0    0    0    0    0    
642    17.53408815681916    0    0    0    0    0    0    0    
643    18.7228276223698    0    0    0    0    0    0    0    
644    19.405183912704576    0    0    0    0    0    0    0    
645    18.173269729392775    0    0    0    0    0    0    0    
646    18.667987902657654    0    0    0    0    0    0    0    
647    19.077262979790817    0    0    0    0    0    0    0    
648    19.666849904949096    0    0    0    0    0    0    0    
649    18.483990949310705    0    0    0    0    0    0    0    
650    18.579031779435237    0    0    0    0    0    0    0    
651    18.901265760153137    0    0    0    0    0    0    0    
652    18.764983550591545    0    0    0    0    0    0    0    
653    18.43137986132308    0    0    0    0    0    0    0    
654    19.429253919676025    0    0    0    0    0    0    0    
655    18.24790848383197    0    0    0    0    0    0    0    
656    18.84407395875372    0    0    0    0    0    0    0    
657    19.32340446643611    0    0    0    0    0    0    0    
658    17.932709045479044    0    0    0    0    0    0    0    
659    19.434794947917226    0    0    0    0    0    0    0    