! OpenFAST Deterministic Wind File
#
# Comment lines begin with "!" or "#" or "%", then the data lines must contain the following columns:
#
# If there are only 8 columns, upflow is assumed to be 0.
#
# Parameters are interpolated linearly between time steps; using nearest neighbor before the first time 
# listed in this file and after the last time listed in the file. 
#
! Time     Wind    Wind    Vertical    Horiz.      Pwr.Law     Lin.Vert.   Gust     Upflow
!          Speed   Dir     Speed       Shear       Vert.Shr    Shear       Speed    Angle 
! (sec)    (m/s)   (Deg)   (m/s)                                            (m/s)   (deg)
0    18.880521088440393    0    0    0    0    0    0    0    
1    18.406585058127444    0    0    0    0    0    0    0    
2    19.163137303663344    0    0    0    0    0    0    0    
3    18.483858270606362    0    0    0    0    0    0    0    
4    18.634739718698587    0    0    0    0    0    0    0    
5    18.810337896172612    0    0    0    0    0    0    0    
6    19.217479946070377    0    0    0    0    0    0    0    
7    18.259279323787062    0    0    0    0    0    0    0    
8    19.049656164404762    0    0    0    0    0    0    0    
9    18.937514628083875    0    0    0    0    0    0    0    
10    18.528336011680384    0    0    0    0    0    0    0    
11    18.825040637944365    0    0    0    0    0    0    0    
12    18.417456539792216    0    0    0    0    0    0    0    
13    18.855478660018996    0    0    0    0    0    0    0    
14    18.982121442743903    0    0    0    0    0    0    0    
15    18.530764551686048    0    0    0    0    0    0    0    
16    18.598408245178383    0    0    0    0    0    0    0    
17    18.628862375312444    0    0    0    0    0    0    0    
18    19.09120373413642    0    0    0    0    0    0    0    
19    18.661568180562863    0    0    0    0    0    0    0    
20    19.095062537057828    0    0    0    0    0    0    0    
21    18.759685904667325    0    0    0    0    0    0    0    
22    18.366139964103382    0    0    0    0    0    0    0    
23    19.135163686617382    0    0    0    0    0    0    0    
24    18.928358332485317    0    0    0    0    0    0    0    
25    18.98846811152059    0    0    0    0    0    0    0    
26    18.29902405455567    0    0    0    0    0    0    0    
27    18.607239849336267    0    0    0    0    0    0    0    
28    18.2689039078593    0    0    0    0    0    0    0    
29    18.694266383514005    0    0    0    0    0    0    0    
30    18.886310427731    0    0    0    0    0    0    0    
31    18.96880626334829    0    0    0    0    0    0    0    
32    19.12518743446319    0    0    0    0    0    0    0    
33    18.85755820085118    0    0    0    0    0    0    0    
34    18.487139383326767    0    0    0    0    0    0    0    
35    18.963820937867066    0    0    0    0    0    0    0    
36    18.942761651627805    0    0    0    0    0    0    0    
37    18.92589500053727    0    0    0    0    0    0    0    
38    18.52654299890801    0    0    0    0    0    0    0    
39    18.8305489683816    0    0    0    0    0    0    0    
40    18.88473505175555    0    0    0    0    0    0    0    
41    18.736608792577023    0    0    0    0    0    0    0    
42    18.6845039207233    0    0    0    0    0    0    0    
43    18.8782990098707    0    0    0    0    0    0    0    
44    18.92889597957081    0    0    0    0    0    0    0    
45    18.876407885393657    0    0    0    0    0    0    0    
46    18.6823669020391    0    0    0    0    0    0    0    
47    18.54566234121687    0    0    0    0    0    0    0    
48    19.049765072394322    0    0    0    0    0    0    0    
49    18.771878051551845    0    0    0    0    0    0    0    
50    18.637057438081584    0    0    0    0    0    0    0    
51    19.021987879713446    0    0    0    0    0    0    0    
52    18.704534247159987    0    0    0    0    0    0    0    
53    18.862876471534374    0    0    0    0    0    0    0    
54    18.48222531054328    0    0    0    0    0    0    0    
55    18.74776797880455    0    0    0    0    0    0    0    
56    18.957797156520094    0    0    0    0    0    0    0    
57    18.96950372634437    0    0    0    0    0    0    0    
58    18.89715375788328    0    0    0    0    0    0    0    
59    18.60204519499184    0    0    0    0    0    0    0    
60    18.88374384104598    0    0    0    0    0    0    0    
61    19.26664401732681    0    0    0    0    0    0    0    
62    18.645419794880922    0    0    0    0    0    0    0    
63    19.02532550314417    0    0    0    0    0    0    0    
64    18.80864350395786    0    0    0    0    0    0    0    
65    18.794591125118707    0    0    0    0    0    0    0    
66    19.09384920851493    0    0    0    0    0    0    0    
67    18.576252005053465    0    0    0    0    0    0    0    
68    18.63192887068883    0    0    0    0    0    0    0    
69    18.7105756723186    0    0    0    0    0    0    0    
70    18.899283346452414    0    0    0    0    0    0    0    
71    18.603599617791154    0    0    0    0    0    0    0    
72    18.69615665830365    0    0    0    0    0    0    0    
73    18.989076525374568    0    0    0    0    0    0    0    
74    18.832647764531476    0    0    0    0    0    0    0    
75    18.774167451605518    0    0    0    0    0    0    0    
76    18.50593724418977    0    0    0    0    0    0    0    
77    18.575634325712496    0    0    0    0    0    0    0    
78    18.633821693649963    0    0    0    0    0    0    0    
79    18.884888918300963    0    0    0    0    0    0    0    
80    19.212936071191024    0    0    0    0    0    0    0    
81    18.755168469931238    0    0    0    0    0    0    0    
82    19.214928682542457    0    0    0    0    0    0    0    
83    18.742211132671287    0    0    0    0    0    0    0    
84    19.086943218011566    0    0    0    0    0    0    0    
85    18.99539821862099    0    0    0    0    0    0    0    
86    18.544672366181825    0    0    0    0    0    0    0    
87    18.904313508088944    0    0    0    0    0    0    0    
88    18.902660369346183    0    0    0    0    0    0    0    
89    18.92268654594084    0    0    0    0    0    0    0    
90    18.94412505186371    0    0    0    0    0    0    0    
91    18.869314976113078    0    0    0    0    0    0    0    
92    18.672352759718144    0    0    0    0    0    0    0    
93    19.097186629883627    0    0    0    0    0    0    0    
94    18.826182826839606    0    0    0    0    0    0    0    
95    18.889275117642875    0    0    0    0    0    0    0    
96    18.612214617595995    0    0    0    0    0    0    0    
97    19.11578168479364    0    0    0    0    0    0    0    
98    19.180489632900326    0    0    0    0    0    0    0    
99    19.20371332127018    0    0    0    0    0    0    0    
100    18.685653807856255    0    0    0    0    0    0    0    
101    18.510845467731333    0    0    0    0    0    0    0    
102    18.553021383079905    0    0    0    0    0    0    0    
103    18.659970242800686    0    0    0    0    0    0    0    
104    18.910515191615413    0    0    0    0    0    0    0    
105    18.711486049600715    0    0    0    0    0    0    0    
106    19.15179988981043    0    0    0    0    0    0    0    
107    18.891075085028    0    0    0    0    0    0    0    
108    18.645000570788604    0    0    0    0    0    0    0    
109    18.82700132642263    0    0    0    0    0    0    0    
110    18.99918421948803    0    0    0    0    0    0    0    
111    18.65329482461814    0    0    0    0    0    0    0    
112    19.20363530361061    0    0    0    0    0    0    0    
113    18.57107797943571    0    0    0    0    0    0    0    
114    19.211464108337175    0    0    0    0    0    0    0    
115    18.750388731860195    0    0    0    0    0    0    0    
116    18.851078143389845    0    0    0    0    0    0    0    
117    18.98847551008342    0    0    0    0    0    0    0    
118    18.993250174532474    0    0    0    0    0    0    0    
119    18.889083726534704    0    0    0    0    0    0    0    
120    18.903857569813113    0    0    0    0    0    0    0    
121    18.72551241140538    0    0    0    0    0    0    0    
122    19.06371020990249    0    0    0    0    0    0    0    
123    18.59679088584475    0    0    0    0    0    0    0    
124    18.884421628026942    0    0    0    0    0    0    0    
125    18.862827016122438    0    0    0    0    0    0    0    
126    19.010677850805326    0    0    0    0    0    0    0    
127    18.225414058776    0    0    0    0    0    0    0    
128    19.01479179120836    0    0    0    0    0    0    0    
129    19.152224165226574    0    0    0    0    0    0    0    
130    18.7132085144119    0    0    0    0    0    0    0    
131    18.914462328687264    0    0    0    0    0    0    0    
132    18.532958486722002    0    0    0    0    0    0    0    
133    18.79754792715854    0    0    0    0    0    0    0    
134    18.575633617074168    0    0    0    0    0    0    0    
135    18.86873271405566    0    0    0    0    0    0    0    
136    19.083960899594903    0    0    0    0    0    0    0    
137    18.60158553374711    0    0    0    0    0    0    0    
138    18.82309017618349    0    0    0    0    0    0    0    
139    18.401433803088747    0    0    0    0    0    0    0    
140    19.30305199765504    0    0    0    0    0    0    0    
141    18.753368750512788    0    0    0    0    0    0    0    
142    19.152517532155066    0    0    0    0    0    0    0    
143    18.65774489123455    0    0    0    0    0    0    0    
144    18.94685573605076    0    0    0    0    0    0    0    
145    18.378950143148842    0    0    0    0    0    0    0    
146    18.70448313208599    0    0    0    0    0    0    0    
147    18.68246064032549    0    0    0    0    0    0    0    
148    18.979121865573088    0    0    0    0    0    0    0    
149    18.820289149999905    0    0    0    0    0    0    0    
150    19.31297257952954    0    0    0    0    0    0    0    
151    18.741305564422465    0    0    0    0    0    0    0    
152    19.30771931817847    0    0    0    0    0    0    0    
153    19.18056153889955    0    0    0    0    0    0    0    
154    19.10492134129194    0    0    0    0    0    0    0    
155    18.405144670569744    0    0    0    0    0    0    0    
156    18.639025464617614    0    0    0    0    0    0    0    
157    18.61393766232025    0    0    0    0    0    0    0    
158    19.043869638129298    0    0    0    0    0    0    0    
159    18.97288257575533    0    0    0    0    0    0    0    
160    19.07646597373116    0    0    0    0    0    0    0    
161    18.835643970960735    0    0    0    0    0    0    0    
162    19.217488641363108    0    0    0    0    0    0    0    
163    18.882384713222404    0    0    0    0    0    0    0    
164    19.071243994796518    0    0    0    0    0    0    0    
165    18.987004098436095    0    0    0    0    0    0    0    
166    19.018975457737692    0    0    0    0    0    0    0    
167    19.067914050292394    0    0    0    0    0    0    0    
168    18.96303236853285    0    0    0    0    0    0    0    
169    19.10293456758297    0    0    0    0    0    0    0    
170    18.947392470901043    0    0    0    0    0    0    0    
171    18.627612102778084    0    0    0    0    0    0    0    
172    18.780833286731408    0    0    0    0    0    0    0    
173    18.871506484250077    0    0    0    0    0    0    0    
174    18.77810349607531    0    0    0    0    0    0    0    
175    18.45228034834756    0    0    0    0    0    0    0    
176    18.648962644767728    0    0    0    0    0    0    0    
177    18.817950776619615    0    0    0    0    0    0    0    
178    18.64069877916126    0    0    0    0    0    0    0    
179    18.26266127346358    0    0    0    0    0    0    0    
180    19.581072154500216    0    0    0    0    0    0    0    
181    19.14949579722134    0    0    0    0    0    0    0    
182    18.467217505671282    0    0    0    0    0    0    0    
183    18.963845639553508    0    0    0    0    0    0    0    
184    18.702352025916195    0    0    0    0    0    0    0    
185    18.476066491047504    0    0    0    0    0    0    0    
186    18.52854576423197    0    0    0    0    0    0    0    
187    18.8532308791893    0    0    0    0    0    0    0    
188    19.289439646233365    0    0    0    0    0    0    0    
189    19.018312855648883    0    0    0    0    0    0    0    
190    18.903324618036947    0    0    0    0    0    0    0    
191    19.21303143231765    0    0    0    0    0    0    0    
192    18.93838042583652    0    0    0    0    0    0    0    
193    18.90039297535565    0    0    0    0    0    0    0    
194    18.85270235393759    0    0    0    0    0    0    0    
195    19.183791778981266    0    0    0    0    0    0    0    
196    18.488577981508165    0    0    0    0    0    0    0    
197    18.603502726095638    0    0    0    0    0    0    0    
198    18.658825919696156    0    0    0    0    0    0    0    
199    19.07305174833745    0    0    0    0    0    0    0    
200    18.55704727467083    0    0    0    0    0    0    0    
201    18.789481670176457    0    0    0    0    0    0    0    
202    18.92400614876498    0    0    0    0    0    0    0    
203    18.4372216213651    0    0    0    0    0    0    0    
204    18.485435493606843    0    0    0    0    0    0    0    
205    18.52905598308743    0    0    0    0    0    0    0    
206    18.969378998821934    0    0    0    0    0    0    0    
207    18.737591886395165    0    0    0    0    0    0    0    
208    18.9900298730057    0    0    0    0    0    0    0    
209    18.86144039747511    0    0    0    0    0    0    0    
210    18.63338694469912    0    0    0    0    0    0    0    
211    19.05361185438382    0    0    0    0    0    0    0    
212    18.70825256265748    0    0    0    0    0    0    0    
213    19.037794976804676    0    0    0    0    0    0    0    
214    18.721676402748244    0    0    0    0    0    0    0    
215    18.714279667688604    0    0    0    0    0    0    0    
216    18.739292346094004    0    0    0    0    0    0    0    
217    19.15510644946203    0    0    0    0    0    0    0    
218    18.33570696607465    0    0    0    0    0    0    0    
219    18.528056905298705    0    0    0    0    0    0    0    
220    18.95190036958639    0    0    0    0    0    0    0    
221    18.96562096832532    0    0    0    0    0    0    0    
222    18.2898163839997    0    0    0    0    0    0    0    
223    18.81981656049592    0    0    0    0    0    0    0    
224    18.695459070556165    0    0    0    0    0    0    0    
225    18.879506471913107    0    0    0    0    0    0    0    
226    19.092955056651636    0    0    0    0    0    0    0    
227    18.426097806094493    0    0    0    0    0    0    0    
228    18.875495932211244    0    0    0    0    0    0    0    
229    18.424347811120494    0    0    0    0    0    0    0    
230    19.22915820333883    0    0    0    0    0    0    0    
231    18.92427793443378    0    0    0    0    0    0    0    
232    18.630519259414722    0    0    0    0    0    0    0    
233    18.979123201258776    0    0    0    0    0    0    0    
234    18.91262489886027    0    0    0    0    0    0    0    
235    18.898620649624533    0    0    0    0    0    0    0    
236    19.029769731467006    0    0    0    0    0    0    0    
237    18.7431606754771    0    0    0    0    0    0    0    
238    18.32620588666591    0    0    0    0    0    0    0    
239    18.785696722131767    0    0    0    0    0    0    0    
240    18.982789043176496    0    0    0    0    0    0    0    
241    19.057208709811228    0    0    0    0    0    0    0    
242    18.47573081380736    0    0    0    0    0    0    0    
243    18.931241666858625    0    0    0    0    0    0    0    
244    18.905571574798028    0    0    0    0    0    0    0    
245    18.880535899199035    0    0    0    0    0    0    0    
246    18.83046444919659    0    0    0    0    0    0    0    
247    19.036113796706438    0    0    0    0    0    0    0    
248    18.602771048467908    0    0    0    0    0    0    0    
249    18.935200481036123    0    0    0    0    0    0    0    
250    18.510069193206796    0    0    0    0    0    0    0    
251    18.92419206729266    0    0    0    0    0    0    0    
252    18.949362181408123    0    0    0    0    0    0    0    
253    18.614707790751776    0    0    0    0    0    0    0    
254    18.965163187701798    0    0    0    0    0    0    0    
255    18.535860095523375    0    0    0    0    0    0    0    
256    18.950481587191067    0    0    0    0    0    0    0    
257    18.778042732859515    0    0    0    0    0    0    0    
258    18.653268404803523    0    0    0    0    0    0    0    
259    18.936008829265575    0    0    0    0    0    0    0    
260    18.926299202586822    0    0    0    0    0    0    0    
261    18.71318265597513    0    0    0    0    0    0    0    
262    19.068651726192307    0    0    0    0    0    0    0    
263    18.346709057886503    0    0    0    0    0    0    0    
264    18.788293336627913    0    0    0    0    0    0    0    
265    18.774876157856955    0    0    0    0    0    0    0    
266    18.738985061041447    0    0    0    0    0    0    0    
267    18.836527638775102    0    0    0    0    0    0    0    
268    19.125990330986816    0    0    0    0    0    0    0    
269    18.580941197109816    0    0    0    0    0    0    0    
270    18.32754660564734    0    0    0    0    0    0    0    
271    18.7114694604625    0    0    0    0    0    0    0    
272    18.431318118493145    0    0    0    0    0    0    0    
273    18.920670362086746    0    0    0    0    0    0    0    
274    18.55825983345088    0    0    0    0    0    0    0    
275    19.07228665390406    0    0    0    0    0    0    0    
276    19.19205235269133    0    0    0    0    0    0    0    
277    18.998615362597043    0    0    0    0    0    0    0    
278    18.596966555159568    0    0    0    0    0    0    0    
279    18.930122196480646    0    0    0    0    0    0    0    
280    19.127695798068586    0    0    0    0    0    0    0    
281    18.917167061500326    0    0    0    0    0    0    0    
282    18.883245576705963    0    0    0    0    0    0    0    
283    18.771430387383273    0    0    0    0    0    0    0    
284    18.705714808464663    0    0    0    0    0    0    0    
285    18.918817514443198    0    0    0    0    0    0    0    
286    18.892629815342076    0    0    0    0    0    0    0    
287    18.614847173663588    0    0    0    0    0    0    0    
288    18.6649726652997    0    0    0    0    0    0    0    
289    18.70563242088802    0    0    0    0    0    0    0    
290    19.116987118164673    0    0    0    0    0    0    0    
291    19.073327810286205    0    0    0    0    0    0    0    
292    18.872117219190546    0    0    0    0    0    0    0    
293    18.856294811389894    0    0    0    0    0    0    0    
294    18.67390599566678    0    0    0    0    0    0    0    
295    19.087361659918386    0    0    0    0    0    0    0    
296    18.782715020347172    0    0    0    0    0    0    0    
297    18.984755306771504    0    0    0    0    0    0    0    
298    18.481255219941623    0    0    0    0    0    0    0    
299    18.90502529420005    0    0    0    0    0    0    0    
300    18.667211218417595    0    0    0    0    0    0    0    
301    18.921130755687823    0    0    0    0    0    0    0    
302    18.52976281620498    0    0    0    0    0    0    0    
303    18.327094779390855    0    0    0    0    0    0    0    
304    18.61738485030952    0    0    0    0    0    0    0    
305    19.232823111678663    0    0    0    0    0    0    0    
306    18.548673065577525    0    0    0    0    0    0    0    
307    19.268987288381645    0    0    0    0    0    0    0    
308    18.826388293970467    0    0    0    0    0    0    0    
309    18.80799094662133    0    0    0    0    0    0    0    
310    18.934757858021037    0    0    0    0    0    0    0    
311    18.86009549073703    0    0    0    0    0    0    0    
312    18.540641892609106    0    0    0    0    0    0    0    
313    19.056804851559164    0    0    0    0    0    0    0    
314    18.42969612052202    0    0    0    0    0    0    0    
315    18.8637940567227    0    0    0    0    0    0    0    
316    18.604520133910235    0    0    0    0    0    0    0    
317    18.525165274582292    0    0    0    0    0    0    0    
318    18.318284025540105    0    0    0    0    0    0    0    
319    18.949762661421587    0    0    0    0    0    0    0    
320    18.74048690322925    0    0    0    0    0    0    0    
321    18.78807270993403    0    0    0    0    0    0    0    
322    18.981382326405072    0    0    0    0    0    0    0    
323    19.272490357143308    0    0    0    0    0    0    0    
324    18.617894937620584    0    0    0    0    0    0    0    
325    18.801316633380257    0    0    0    0    0    0    0    
326    18.98015377817326    0    0    0    0    0    0    0    
327    18.67356340116659    0    0    0    0    0    0    0    
328    18.93890265429244    0    0    0    0    0    0    0    
329    18.160773844877276    0    0    0    0    0    0    0    
330    19.114527760496184    0    0    0    0    0    0    0    
331    19.01437239640578    0    0    0    0    0    0    0    
332    18.679805452985946    0    0    0    0    0    0    0    
333    18.81590602648782    0    0    0    0    0    0    0    
334    18.98516157773377    0    0    0    0    0    0    0    
335    18.50269963063701    0    0    0    0    0    0    0    
336    18.456503020379294    0    0    0    0    0    0    0    
337    18.768428945382492    0    0    0    0    0    0    0    
338    19.35399517310948    0    0    0    0    0    0    0    
339    18.72459086834765    0    0    0    0    0    0    0    
340    18.869013346894864    0    0    0    0    0    0    0    
341    18.33035698777519    0    0    0    0    0    0    0    
342    19.180641153813244    0    0    0    0    0    0    0    
343    18.558441243750607    0    0    0    0    0    0    0    
344    19.093966290010002    0    0    0    0    0    0    0    
345    18.844724095549413    0    0    0    0    0    0    0    
346    18.53910433482661    0    0    0    0    0    0    0    
347    19.05083295639521    0    0    0    0    0    0    0    
348    18.725178265602416    0    0    0    0    0    0    0    
349    17.977916807597957    0    0    0    0    0    0    0    
350    18.686706059922052    0    0    0    0    0    0    0    
351    18.08063069083093    0    0    0    0    0    0    0    
352    18.97062423842441    0    0    0    0    0    0    0    
353    19.203073747766894    0    0    0    0    0    0    0    
354    17.986729441789926    0    0    0    0    0    0    0    
355    18.738651995563384    0    0    0    0    0    0    0    
356    18.52059805677323    0    0    0    0    0    0    0    
357    18.36936772668422    0    0    0    0    0    0    0    
358    19.107620821335498    0    0    0    0    0    0    0    
359    18.75160522746441    0    0    0    0    0    0    0    
360    18.913558330180635    0    0    0    0    0    0    0    
361    19.07747742059042    0    0    0    0    0    0    0    
362    18.55559259513161    0    0    0    0    0    0    0    
363    19.023766960212473    0    0    0    0    0    0    0    
364    19.224136175842578    0    0    0    0    0    0    0    
365    18.420826280484764    0    0    0    0    0    0    0    
366    18.441124080126524    0    0    0    0    0    0    0    
367    19.004492606562135    0    0    0    0    0    0    0    
368    18.94157682340806    0    0    0    0    0    0    0    
369    18.849521684846746    0    0    0    0    0    0    0    
370    19.15310611486674    0    0    0    0    0    0    0    
371    18.894535734145112    0    0    0    0    0    0    0    
372    18.901177931257692    0    0    0    0    0    0    0    
373    19.370035410738904    0    0    0    0    0    0    0    
374    18.65947766762024    0    0    0    0    0    0    0    
375    18.557741780241507    0    0    0    0    0    0    0    
376    18.684728130281435    0    0    0    0    0    0    0    
377    18.29456711321868    0    0    0    0    0    0    0    
378    18.72082255933093    0    0    0    0    0    0    0    
379    18.94711704940863    0    0    0    0    0    0    0    
380    18.901591819269647    0    0    0    0    0    0    0    
381    18.73829624859606    0    0    0    0    0    0    0    
382    18.81616845149139    0    0    0    0    0    0    0    
383    18.469825908793243    0    0    0    0    0    0    0    
384    18.791704857289506    0    0    0    0    0    0    0    
385    19.27365181509647    0    0    0    0    0    0    0    
386    18.42903851571242    0    0    0    0    0    0    0    
387    18.846300333499258    0    0    0    0    0    0    0    
388    18.63986240483975    0    0    0    0    0    0    0    
389    18.819692932146275    0    0    0    0    0    0    0    
390    18.926156970621008    0    0    0    0    0    0    0    
391    19.24373981268377    0    0    0    0    0    0    0    
392    18.46036729866827    0    0    0    0    0    0    0    
393    18.87319851878827    0    0    0    0    0    0    0    
394    18.694797941736365    0    0    0    0    0    0    0    
395    18.389165705922196    0    0    0    0    0    0    0    
396    19.781962914624867    0    0    0    0    0    0    0    
397    18.326383171722856    0    0    0    0    0    0    0    
398    19.13243736920247    0    0    0    0    0    0    0    
399    18.65103994076331    0    0    0    0    0    0    0    
400    18.720958655110827    0    0    0    0    0    0    0    
401    18.897695778586627    0    0    0    0    0    0    0    
402    18.379687360105876    0    0    0    0    0    0    0    
403    19.10656175606445    0    0    0    0    0    0    0    
404    18.72683667461706    0    0    0    0    0    0    0    
405    19.02292286072303    0    0    0    0    0    0    0    
406    18.725984132445916    0    0    0    0    0    0    0    
407    18.467488926790374    0    0    0    0    0    0    0    
408    19.070041882766827    0    0    0    0    0    0    0    
409    18.948720533928867    0    0    0    0    0    0    0    
410    18.63450625450347    0    0    0    0    0    0    0    
411    19.00754239807209    0    0    0    0    0    0    0    
412    18.702882836839976    0    0    0    0    0    0    0    
413    18.909160526297367    0    0    0    0    0    0    0    
414    19.31083759507074    0    0    0    0    0    0    0    
415    18.290946854678573    0    0    0    0    0    0    0    
416    18.689275565867952    0    0    0    0    0    0    0    
417    18.965902503023912    0    0    0    0    0    0    0    
418    19.07967199455436    0    0    0    0    0    0    0    
419    18.6981920369699    0    0    0    0    0    0    0    
420    19.033765681350825    0    0    0    0    0    0    0    
421    18.839063602341177    0    0    0    0    0    0    0    
422    18.3425690344652    0    0    0    0    0    0    0    
423    19.085695909399664    0    0    0    0    0    0    0    
424    18.75190250790076    0    0    0    0    0    0    0    
425    18.248835073847186    0    0    0    0    0    0    0    
426    18.911664188845375    0    0    0    0    0    0    0    
427    19.058634640809814    0    0    0    0    0    0    0    
428    18.85192427764998    0    0    0    0    0    0    0    
429    18.738818627579466    0    0    0    0    0    0    0    
430    18.659615182657372    0    0    0    0    0    0    0    
431    19.084184334053056    0    0    0    0    0    0    0    
432    18.733927099375663    0    0    0    0    0    0    0    
433    18.83105393183211    0    0    0    0    0    0    0    
434    18.793423106664022    0    0    0    0    0    0    0    
435    18.502486980517066    0    0    0    0    0    0    0    
436    18.706905687934253    0    0    0    0    0    0    0    
437    18.797480472308468    0    0    0    0    0    0    0    
438    18.744882731616975    0    0    0    0    0    0    0    
439    19.320591263722974    0    0    0    0    0    0    0    
440    18.989965168115756    0    0    0    0    0    0    0    
441    19.288192203624646    0    0    0    0    0    0    0    
442    18.87461901898748    0    0    0    0    0    0    0    
443    18.767603580279655    0    0    0    0    0    0    0    
444    18.8687865694346    0    0    0    0    0    0    0    
445    19.312018385180423    0    0    0    0    0    0    0    
446    19.01164409106399    0    0    0    0    0    0    0    
447    18.64431755387589    0    0    0    0    0    0    0    
448    19.34881723437047    0    0    0    0    0    0    0    
449    18.827529351012792    0    0    0    0    0    0    0    
450    19.086706363729892    0    0    0    0    0    0    0    
451    18.90467524563643    0    0    0    0    0    0    0    
452    18.839491642233572    0    0    0    0    0    0    0    
453    18.675109051649354    0    0    0    0    0    0    0    
454    18.962781651364338    0    0    0    0    0    0    0    
455    18.448227542762794    0    0    0    0    0    0    0    
456    19.22599464985318    0    0    0    0    0    0    0    
457    18.993929283263917    0    0    0    0    0    0    0    
458    18.9630598714211    0    0    0    0    0    0    0    
459    18.79180363804555    0    0    0    0    0    0    0    
460    18.66250003208733    0    0    0    0    0    0    0    
461    18.92256820149911    0    0    0    0    0    0    0    
462    18.648261743179273    0    0    0    0    0    0    0    
463    19.06991621989109    0    0    0    0    0    0    0    
464    18.41583994487036    0    0    0    0    0    0    0    
465    18.635184206824018    0    0    0    0    0    0    0    
466    19.063998501582983    0    0    0    0    0    0    0    
467    18.62872067130946    0    0    0    0    0    0    0    
468    18.938551855008104    0    0    0    0    0    0    0    
469    19.12814942085853    0    0    0    0    0    0    0    
470    18.808804724087494    0    0    0    0    0    0    0    
471    19.017128311836856    0    0    0    0    0    0    0    
472    19.03537699538256    0    0    0    0    0    0    0    
473    19.179581728657883    0    0    0    0    0    0    0    
474    18.736945516905195    0    0    0    0    0    0    0    
475    19.072924845628005    0    0    0    0    0    0    0    
476    19.033929543917047    0    0    0    0    0    0    0    
477    19.33293165077163    0    0    0    0    0    0    0    
478    18.52030741470287    0    0    0    0    0    0    0    
479    19.149165601650257    0    0    0    0    0    0    0    
480    18.586112762192982    0    0    0    0    0    0    0    
481    18.971811448616034    0    0    0    0    0    0    0    
482    18.738952878489933    0    0    0    0    0    0    0    
483    18.866682487529406    0    0    0    0    0    0    0    
484    19.53566772612731    0    0    0    0    0    0    0    
485    18.773591569393798    0    0    0    0    0    0    0    
486    18.553565025196058    0    0    0    0    0    0    0    
487    19.008402789153294    0    0    0    0    0    0    0    
488    18.659263530732822    0    0    0    0    0    0    0    
489    19.09173473110689    0    0    0    0    0    0    0    
490    18.607058877731525    0    0    0    0    0    0    0    
491    19.10382791082033    0    0    0    0    0    0    0    
492    18.358788857811568    0    0    0    0    0    0    0    
493    18.48358684829106    0    0    0    0    0    0    0    
494    18.925853397378223    0    0    0    0    0    0    0    
495    18.805599452779685    0    0    0    0    0    0    0    
496    18.77070592765427    0    0    0    0    0    0    0    
497    18.973406151234936    0    0    0    0    0    0    0    
498    18.573396902445435    0    0    0    0    0    0    0    
499    18.112993258584904    0    0    0    0    0    0    0    
500    18.789654469348722    0    0    0    0    0    0    0    
501    18.655901188726894    0    0    0    0    0    0    0    
502    18.632336580772762    0    0    0    0    0    0    0    
503    19.121855404589738    0    0    0    0    0    0    0    
504    18.715593821087534    0    0    0    0    0    0    0    
505    18.783063208412834    0    0    0    0    0    0    0    
506    18.5527120685493    0    0    0    0    0    0    0    
507    18.88550345847204    0    0    0    0    0    0    0    
508    18.96906795658358    0    0    0    0    0    0    0    
509    18.545248478378074    0    0    0    0    0    0    0    
510    18.447790056017745    0    0    0    0    0    0    0    
511    18.37625498006949    0    0    0    0    0    0    0    
512    18.89345883754525    0    0    0    0    0    0    0    
513    18.773696653397945    0    0    0    0    0    0    0    
514    18.5719655067973    0    0    0    0    0    0    0    
515    18.592335012124536    0    0    0    0    0    0    0    
516    18.762051196139712    0    0    0    0    0    0    0    
517    18.87747008131444    0    0    0    0    0    0    0    
518    18.407882149051307    0    0    0    0    0    0    0    
519    18.70679437375645    0    0    0    0    0    0    0    
520    18.98284082733237    0    0    0    0    0    0    0    
521    19.022411091275796    0    0    0    0    0    0    0    
522    18.945491285047584    0    0    0    0    0    0    0    
523    18.995481004066615    0    0    0    0    0    0    0    
524    18.50282983596161    0    0    0    0    0    0    0    
525    18.94374992923169    0    0    0    0    0    0    0    
526    18.8095552712438    0    0    0    0    0    0    0    
527    19.06045893254898    0    0    0    0    0    0    0    
528    18.465011087402544    0    0    0    0    0    0    0    
529    19.155259152430467    0    0    0    0    0    0    0    
530    19.208537398160534    0    0    0    0    0    0    0    
531    18.801178633246245    0    0    0    0    0    0    0    
532    19.02875026295054    0    0    0    0    0    0    0    
533    18.600019676063887    0    0    0    0    0    0    0    
534    18.783634899511874    0    0    0    0    0    0    0    
535    18.493888134058935    0    0    0    0    0    0    0    
536    19.083122738607624    0    0    0    0    0    0    0    
537    18.23874583140672    0    0    0    0    0    0    0    
538    18.98992008234693    0    0    0    0    0    0    0    
539    18.972916756857654    0    0    0    0    0    0    0    
540    18.4595375541667    0    0    0    0    0    0    0    
541    19.087764331208497    0    0    0    0    0    0    0    
542    18.568662705479422    0    0    0    0    0    0    0    
543    18.447677096670713    0    0    0    0    0    0    0    
544    18.569354549587715    0    0    0    0    0    0    0    
545    18.901232641434824    0    0    0    0    0    0    0    
546    19.13411458319673    0    0    0    0    0    0    0    
547    18.789131258480115    0    0    0    0    0    0    0    
548    19.098907743724684    0    0    0    0    0    0    0    
549    19.185615813387212    0    0    0    0    0    0    0    
550    18.444921635464116    0    0    0    0    0    0    0    
551    18.627745603888933    0    0    0    0    0    0    0    
552    18.971772249879383    0    0    0    0    0    0    0    
553    18.956505381255496    0    0    0    0    0    0    0    
554    18.786427752863872    0    0    0    0    0    0    0    
555    18.58660131928145    0    0    0    0    0    0    0    
556    18.781404066513964    0    0    0    0    0    0    0    
557    18.76826916088012    0    0    0    0    0    0    0    
558    18.77644171973004    0    0    0    0    0    0    0    
559    18.814198099770913    0    0    0    0    0    0    0    
560    18.880115836584853    0    0    0    0    0    0    0    
561    18.731388621186444    0    0    0    0    0    0    0    
562    18.79076088117616    0    0    0    0    0    0    0    
563    18.27265955395177    0    0    0    0    0    0    0    
564    18.94669591721889    0    0    0    0    0    0    0    
565    18.896034677703913    0    0    0    0    0    0    0    
566    19.12679284957514    0    0    0    0    0    0    0    
567    19.211594690501766    0    0    0    0    0    0    0    
568    18.72963170306815    0    0    0    0    0    0    0    
569    18.736877559158245    0    0    0    0    0    0    0    
570    18.726992056470362    0    0    0    0    0    0    0    
571    18.660170593916014    0    0    0    0    0    0    0    
572    19.047082003709978    0    0    0    0    0    0    0    
573    18.75799381395271    0    0    0    0    0    0    0    
574    18.827077496158065    0    0    0    0    0    0    0    
575    18.93724404793441    0    0    0    0    0    0    0    
576    19.269129937322464    0    0    0    0    0    0    0    
577    18.899267293640097    0    0    0    0    0    0    0    
578    18.39702510335571    0    0    0    0    0    0    0    
579    18.819986183596342    0    0    0    0    0    0    0    
580    18.758498381812522    0    0    0    0    0    0    0    
581    18.67915761332818    0    0    0    0    0    0    0    
582    19.028695522336893    0    0    0    0    0    0    0    
583    19.02190362550769    0    0    0    0    0    0    0    
584    18.652717936393277    0    0    0    0    0    0    0    
585    18.95559206158347    0    0    0    0    0    0    0    
586    19.264695322106135    0    0    0    0    0    0    0    
587    18.913803816637547    0    0    0    0    0    0    0    
588    18.845834321275532    0    0    0    0    0    0    0    
589    19.05804161936791    0    0    0    0    0    0    0    
590    18.673637845947862    0    0    0    0    0    0    0    
591    18.51414315524537    0    0    0    0    0    0    0    
592    18.38614970313836    0    0    0    0    0    0    0    
593    19.01684155209008    0    0    0    0    0    0    0    
594    18.34803436349782    0    0    0    0    0    0    0    
595    18.57768711574234    0    0    0    0    0    0    0    
596    19.209568399260995    0    0    0    0    0    0    0    
597    19.204272656172073    0    0    0    0    0    0    0    
598    18.372142781592707    0    0    0    0    0    0    0    
599    18.69794384557717    0    0    0    0    0    0    0    
600    19.3308830609102    0    0    0    0    0    0    0    
601    18.86601927617178    0    0    0    0    0    0    0    
602    19.03535102817992    0    0    0    0    0    0    0    
603    19.00359796684362    0    0    0    0    0    0    0    
604    18.86265307047572    0    0    0    0    0    0    0    
605    18.52530544545788    0    0    0    0    0    0    0    
606    18.89533626296076    0    0    0    0    0    0    0    
607    19.059785674191456    0    0    0    0    0    0    0    
608    18.80641946962321    0    0    0    0    0    0    0    
609    18.989485664630635    0    0    0    0    0    0    0    
610    18.627702550539592    0    0    0    0    0    0    0    
611    18.785915628410013    0    0    0    0    0    0    0    
612    18.852860272125316    0    0    0    0    0    0    0    
613    18.779043294565906    0    0    0    0    0    0    0    
614    18.719154934438347    0    0    0    0    0    0    0    
615    18.68705685473656    0    0    0    0    0    0    0    
616    18.795806925840562    0    0    0    0    0    0    0    
617    18.639312404159547    0    0    0    0    0    0    0    
618    19.02821562123268    0    0    0    0    0    0    0    
619    18.534817962935627    0    0    0    0    0    0    0    
620    19.177537362739763    0    0    0    0    0    0    0    
621    18.9887621427969    0    0    0    0    0    0    0    
622    19.066543959332265    0    0    0    0    0    0    0    
623    18.99675061907901    0    0    0    0    0    0    0    
624    19.41059164326847    0    0    0    0    0    0    0    
625    18.874258288600043    0    0    0    0    0    0    0    
626    18.53354868335353    0    0    0    0    0    0    0    
627    18.73522549015132    0    0    0    0    0    0    0    
628    18.94436142704641    0    0    0    0    0    0    0    
629    18.932543117486873    0    0    0    0    0    0    0    
630    18.612551982633427    0    0    0    0    0    0    0    
631    18.071180217126066    0    0    0    0    0    0    0    
632    18.78669567557833    0    0    0    0    0    0    0    
633    18.745037060313535    0    0    0    0    0    0    0    
634    18.95300263863476    0    0    0    0    0    0    0    
635    19.156731489782448    0    0    0    0    0    0    0    
636    18.465300615524654    0    0    0    0    0    0    0    
637    18.912875900819465    0    0    0    0    0    0    0    
638    18.78864078587303    0    0    0    0    0    0    0    
639    18.736622453445367    0    0    0    0    0    0    0    
640    18.458821789280808    0    0    0    0    0    0    0    
641    19.036757376306934    0    0    0    0    0    0    0    
642    19.017058174387667    0    0    0    0    0    0    0    
643    18.64138996319739    0    0    0    0    0    0    0    
644    18.55747107735879    0    0    0    0    0    0    0    
645    19.14111905738828    0    0    0    0    0    0    0    
646    18.57725503679461    0    0    0    0    0    0    0    
647    18.79389466390765    0    0    0    0    0    0    0    
648    19.064667626171797    0    0    0    0    0    0    0    
649    19.025234826967235    0    0    0    0    0    0    0    
650    19.23838116189116    0    0    0    0    0    0    0    
651    19.157629000371987    0    0    0    0    0    0    0    
652    19.248713848658895    0    0    0    0    0    0    0    
653    18.789678096526316    0    0    0    0    0    0    0    
654    18.93389739170714    0    0    0    0    0    0    0    
655    18.816770810016    0    0    0    0    0    0    0    
656    18.76692250914896    0    0    0    0    0    0    0    
657    18.72852615460381    0    0    0    0    0    0    0    
658    18.97663898956076    0    0    0    0    0    0    0    
659    18.69373549360697    0    0    0    0    0    0    0    