! OpenFAST Deterministic Wind File
#
# Comment lines begin with "!" or "#" or "%", then the data lines must contain the following columns:
#
# If there are only 8 columns, upflow is assumed to be 0.
#
# Parameters are interpolated linearly between time steps; using nearest neighbor before the first time 
# listed in this file and after the last time listed in the file. 
#
! Time     Wind    Wind    Vertical    Horiz.      Pwr.Law     Lin.Vert.   Gust     Upflow
!          Speed   Dir     Speed       Shear       Vert.Shr    Shear       Speed    Angle 
! (sec)    (m/s)   (Deg)   (m/s)                                            (m/s)   (deg)
0    19.56162025572246    0    0    0    0    0    0    0    
1    19.739987299648625    0    0    0    0    0    0    0    
2    19.29213006896143    0    0    0    0    0    0    0    
3    19.525240975533563    0    0    0    0    0    0    0    
4    18.52703218589761    0    0    0    0    0    0    0    
5    19.879131522158676    0    0    0    0    0    0    0    
6    19.65268962987507    0    0    0    0    0    0    0    
7    19.555830839662494    0    0    0    0    0    0    0    
8    19.23500640011844    0    0    0    0    0    0    0    
9    18.346831276617596    0    0    0    0    0    0    0    
10    20.12133870154765    0    0    0    0    0    0    0    
11    18.71945915180867    0    0    0    0    0    0    0    
12    19.334330883244327    0    0    0    0    0    0    0    
13    20.368049032839142    0    0    0    0    0    0    0    
14    19.535587154906267    0    0    0    0    0    0    0    
15    19.044092123952538    0    0    0    0    0    0    0    
16    20.297695530736885    0    0    0    0    0    0    0    
17    19.5685338871524    0    0    0    0    0    0    0    
18    19.07650654035094    0    0    0    0    0    0    0    
19    20.353342752698044    0    0    0    0    0    0    0    
20    20.603233270643205    0    0    0    0    0    0    0    
21    19.96891634426531    0    0    0    0    0    0    0    
22    19.443450109002818    0    0    0    0    0    0    0    
23    18.69076502622906    0    0    0    0    0    0    0    
24    18.91639238175176    0    0    0    0    0    0    0    
25    18.689075331903325    0    0    0    0    0    0    0    
26    19.553261134310347    0    0    0    0    0    0    0    
27    19.31023367152499    0    0    0    0    0    0    0    
28    18.900659419199634    0    0    0    0    0    0    0    
29    19.518997411408343    0    0    0    0    0    0    0    
30    20.120989539930704    0    0    0    0    0    0    0    
31    19.91301957613893    0    0    0    0    0    0    0    
32    19.052888278377445    0    0    0    0    0    0    0    
33    19.03927518499396    0    0    0    0    0    0    0    
34    19.70115081505079    0    0    0    0    0    0    0    
35    19.355873618428955    0    0    0    0    0    0    0    
36    19.05702294296965    0    0    0    0    0    0    0    
37    20.132654832238035    0    0    0    0    0    0    0    
38    19.449892428809964    0    0    0    0    0    0    0    
39    19.0430448566432    0    0    0    0    0    0    0    
40    18.1546049143533    0    0    0    0    0    0    0    
41    19.445902893413116    0    0    0    0    0    0    0    
42    19.32544849435119    0    0    0    0    0    0    0    
43    19.908595487563293    0    0    0    0    0    0    0    
44    19.189516944656027    0    0    0    0    0    0    0    
45    20.040921817773295    0    0    0    0    0    0    0    
46    19.65980746530482    0    0    0    0    0    0    0    
47    18.20099924669161    0    0    0    0    0    0    0    
48    20.293359971990313    0    0    0    0    0    0    0    
49    19.396229346141393    0    0    0    0    0    0    0    
50    19.159115396766534    0    0    0    0    0    0    0    
51    20.222740431291204    0    0    0    0    0    0    0    
52    19.850754829162007    0    0    0    0    0    0    0    
53    19.247699183962787    0    0    0    0    0    0    0    
54    19.543307235610026    0    0    0    0    0    0    0    
55    19.462941714868084    0    0    0    0    0    0    0    
56    19.080586790432175    0    0    0    0    0    0    0    
57    19.254234784170226    0    0    0    0    0    0    0    
58    19.2480631064945    0    0    0    0    0    0    0    
59    19.03898682851792    0    0    0    0    0    0    0    
60    19.604642867652736    0    0    0    0    0    0    0    
61    20.351430225590985    0    0    0    0    0    0    0    
62    20.286338196637555    0    0    0    0    0    0    0    
63    19.098081284963826    0    0    0    0    0    0    0    
64    19.4193684692877    0    0    0    0    0    0    0    
65    19.821553114120285    0    0    0    0    0    0    0    
66    20.27229208683113    0    0    0    0    0    0    0    
67    19.225059787615187    0    0    0    0    0    0    0    
68    19.420981059438635    0    0    0    0    0    0    0    
69    19.930228198830974    0    0    0    0    0    0    0    
70    19.372130001115238    0    0    0    0    0    0    0    
71    19.016307893693146    0    0    0    0    0    0    0    
72    20.710237517184613    0    0    0    0    0    0    0    
73    19.9351715427039    0    0    0    0    0    0    0    
74    19.493972167562777    0    0    0    0    0    0    0    
75    19.18395221404943    0    0    0    0    0    0    0    
76    20.380634840562937    0    0    0    0    0    0    0    
77    20.211530378041402    0    0    0    0    0    0    0    
78    19.90637004435987    0    0    0    0    0    0    0    
79    19.182426994964008    0    0    0    0    0    0    0    
80    20.350112465530376    0    0    0    0    0    0    0    
81    20.62691213276553    0    0    0    0    0    0    0    
82    20.080784464880793    0    0    0    0    0    0    0    
83    19.551267453042755    0    0    0    0    0    0    0    
84    19.62519619610968    0    0    0    0    0    0    0    
85    20.131586440197847    0    0    0    0    0    0    0    
86    18.996001949231776    0    0    0    0    0    0    0    
87    18.93640515754106    0    0    0    0    0    0    0    
88    18.939617736751714    0    0    0    0    0    0    0    
89    18.711714209930644    0    0    0    0    0    0    0    
90    17.626789015488498    0    0    0    0    0    0    0    
91    19.365133330309508    0    0    0    0    0    0    0    
92    19.50135650846236    0    0    0    0    0    0    0    
93    20.405360753887294    0    0    0    0    0    0    0    
94    19.25141541418179    0    0    0    0    0    0    0    
95    19.8296045584653    0    0    0    0    0    0    0    
96    19.867061114284198    0    0    0    0    0    0    0    
97    20.1249870841164    0    0    0    0    0    0    0    
98    19.806077198680903    0    0    0    0    0    0    0    
99    19.652525611720097    0    0    0    0    0    0    0    
100    18.902517613347936    0    0    0    0    0    0    0    
101    18.57187539700121    0    0    0    0    0    0    0    
102    18.883032518901196    0    0    0    0    0    0    0    
103    20.035000032249037    0    0    0    0    0    0    0    
104    19.941815853237145    0    0    0    0    0    0    0    
105    20.253705475179    0    0    0    0    0    0    0    
106    19.856228915269323    0    0    0    0    0    0    0    
107    19.940718197651126    0    0    0    0    0    0    0    
108    20.488766412935306    0    0    0    0    0    0    0    
109    19.478428332247844    0    0    0    0    0    0    0    
110    19.627516667222757    0    0    0    0    0    0    0    
111    19.27648672132009    0    0    0    0    0    0    0    
112    19.660896428620823    0    0    0    0    0    0    0    
113    19.946755178759883    0    0    0    0    0    0    0    
114    20.009091337007266    0    0    0    0    0    0    0    
115    20.116206071765145    0    0    0    0    0    0    0    
116    20.156343518518387    0    0    0    0    0    0    0    
117    19.361824031102117    0    0    0    0    0    0    0    
118    19.39599465045813    0    0    0    0    0    0    0    
119    18.865327294754113    0    0    0    0    0    0    0    
120    20.235444554548167    0    0    0    0    0    0    0    
121    19.94853761622265    0    0    0    0    0    0    0    
122    19.015157548229922    0    0    0    0    0    0    0    
123    19.901513929082487    0    0    0    0    0    0    0    
124    19.512992102982288    0    0    0    0    0    0    0    
125    19.010564136928686    0    0    0    0    0    0    0    
126    20.083525242156757    0    0    0    0    0    0    0    
127    19.088813054580303    0    0    0    0    0    0    0    
128    20.376214302298276    0    0    0    0    0    0    0    
129    19.77547575989676    0    0    0    0    0    0    0    
130    19.84843663003284    0    0    0    0    0    0    0    
131    20.096927629700982    0    0    0    0    0    0    0    
132    18.532691123485577    0    0    0    0    0    0    0    
133    18.903051927634426    0    0    0    0    0    0    0    
134    19.361082494306434    0    0    0    0    0    0    0    
135    19.207272613527966    0    0    0    0    0    0    0    
136    20.180067527730266    0    0    0    0    0    0    0    
137    19.209515299593445    0    0    0    0    0    0    0    
138    19.25219459985043    0    0    0    0    0    0    0    
139    20.21952383135268    0    0    0    0    0    0    0    
140    19.605597655815693    0    0    0    0    0    0    0    
141    18.84351014929172    0    0    0    0    0    0    0    
142    18.937959238120552    0    0    0    0    0    0    0    
143    18.948086022730322    0    0    0    0    0    0    0    
144    19.128942744156344    0    0    0    0    0    0    0    
145    20.149828882651022    0    0    0    0    0    0    0    
146    18.61762176849119    0    0    0    0    0    0    0    
147    19.580834827951325    0    0    0    0    0    0    0    
148    19.88670839182805    0    0    0    0    0    0    0    
149    19.549615116893133    0    0    0    0    0    0    0    
150    19.22232533151327    0    0    0    0    0    0    0    
151    18.634392309844905    0    0    0    0    0    0    0    
152    19.254917570177923    0    0    0    0    0    0    0    
153    19.37826752912209    0    0    0    0    0    0    0    
154    19.219984830571384    0    0    0    0    0    0    0    
155    19.702865438903007    0    0    0    0    0    0    0    
156    19.513080238557016    0    0    0    0    0    0    0    
157    19.157555853707905    0    0    0    0    0    0    0    
158    19.54924256580784    0    0    0    0    0    0    0    
159    20.00513264339009    0    0    0    0    0    0    0    
160    19.02725855797185    0    0    0    0    0    0    0    
161    20.224241935239323    0    0    0    0    0    0    0    
162    19.081247530985692    0    0    0    0    0    0    0    
163    19.37918678867091    0    0    0    0    0    0    0    
164    19.43290880984766    0    0    0    0    0    0    0    
165    18.99364888949582    0    0    0    0    0    0    0    
166    20.379440711808492    0    0    0    0    0    0    0    
167    19.609744065705623    0    0    0    0    0    0    0    
168    19.28821720244986    0    0    0    0    0    0    0    
169    18.753106861214555    0    0    0    0    0    0    0    
170    19.877666653110577    0    0    0    0    0    0    0    
171    19.40862358093874    0    0    0    0    0    0    0    
172    20.365219684209585    0    0    0    0    0    0    0    
173    19.236736415620328    0    0    0    0    0    0    0    
174    19.79442501607585    0    0    0    0    0    0    0    
175    19.571650254801288    0    0    0    0    0    0    0    
176    20.536267205455232    0    0    0    0    0    0    0    
177    19.324929631030184    0    0    0    0    0    0    0    
178    19.553347066779477    0    0    0    0    0    0    0    
179    19.69130837362614    0    0    0    0    0    0    0    
180    19.723739106991708    0    0    0    0    0    0    0    
181    19.526250840973546    0    0    0    0    0    0    0    
182    20.423660037271667    0    0    0    0    0    0    0    
183    19.796773868033505    0    0    0    0    0    0    0    
184    20.66361257166513    0    0    0    0    0    0    0    
185    19.485130164228924    0    0    0    0    0    0    0    
186    19.382495843075827    0    0    0    0    0    0    0    
187    20.137005365114614    0    0    0    0    0    0    0    
188    19.433068138423383    0    0    0    0    0    0    0    
189    18.879920743431455    0    0    0    0    0    0    0    
190    19.514373736425103    0    0    0    0    0    0    0    
191    20.6102675743046    0    0    0    0    0    0    0    
192    19.360451739839537    0    0    0    0    0    0    0    
193    18.56525427430352    0    0    0    0    0    0    0    
194    20.30158061759424    0    0    0    0    0    0    0    
195    20.472649636288693    0    0    0    0    0    0    0    
196    19.318381018567653    0    0    0    0    0    0    0    
197    20.1915312307288    0    0    0    0    0    0    0    
198    19.56643789310931    0    0    0    0    0    0    0    
199    19.509622463494534    0    0    0    0    0    0    0    
200    19.05189792710647    0    0    0    0    0    0    0    
201    18.942825049497536    0    0    0    0    0    0    0    
202    19.29017890804321    0    0    0    0    0    0    0    
203    19.131460059213932    0    0    0    0    0    0    0    
204    19.67815137663758    0    0    0    0    0    0    0    
205    19.65297996290755    0    0    0    0    0    0    0    
206    20.189251980544295    0    0    0    0    0    0    0    
207    19.37185761349431    0    0    0    0    0    0    0    
208    19.73273316045067    0    0    0    0    0    0    0    
209    20.081668199768217    0    0    0    0    0    0    0    
210    19.026921476163967    0    0    0    0    0    0    0    
211    19.545679909982745    0    0    0    0    0    0    0    
212    18.874725849889508    0    0    0    0    0    0    0    
213    19.389657812026538    0    0    0    0    0    0    0    
214    19.245276859410083    0    0    0    0    0    0    0    
215    19.928909269677913    0    0    0    0    0    0    0    
216    19.575325415655435    0    0    0    0    0    0    0    
217    19.520361208070657    0    0    0    0    0    0    0    
218    20.180605675250955    0    0    0    0    0    0    0    
219    19.23803743508362    0    0    0    0    0    0    0    
220    19.095095285475516    0    0    0    0    0    0    0    
221    19.84900237072281    0    0    0    0    0    0    0    
222    19.43154736964415    0    0    0    0    0    0    0    
223    19.470332254836926    0    0    0    0    0    0    0    
224    19.21917487765766    0    0    0    0    0    0    0    
225    19.843639643085623    0    0    0    0    0    0    0    
226    20.486662173855997    0    0    0    0    0    0    0    
227    19.61417448415976    0    0    0    0    0    0    0    
228    18.71193583892414    0    0    0    0    0    0    0    
229    18.658783842812337    0    0    0    0    0    0    0    
230    19.50421817383706    0    0    0    0    0    0    0    
231    19.489771323739    0    0    0    0    0    0    0    
232    19.28617265714615    0    0    0    0    0    0    0    
233    19.175961078067026    0    0    0    0    0    0    0    
234    18.52047639704353    0    0    0    0    0    0    0    
235    20.038546851061557    0    0    0    0    0    0    0    
236    20.651174381518203    0    0    0    0    0    0    0    
237    19.106801060736426    0    0    0    0    0    0    0    
238    19.908938971292862    0    0    0    0    0    0    0    
239    19.750203560146502    0    0    0    0    0    0    0    
240    20.118184366626377    0    0    0    0    0    0    0    
241    19.52302950452232    0    0    0    0    0    0    0    
242    19.248705758493507    0    0    0    0    0    0    0    
243    19.63948646089599    0    0    0    0    0    0    0    
244    19.00709436779331    0    0    0    0    0    0    0    
245    19.065633393688273    0    0    0    0    0    0    0    
246    18.92652054768504    0    0    0    0    0    0    0    
247    19.83502029172225    0    0    0    0    0    0    0    
248    20.04201031456317    0    0    0    0    0    0    0    
249    20.35115538105717    0    0    0    0    0    0    0    
250    19.62805977656129    0    0    0    0    0    0    0    
251    19.33934596892187    0    0    0    0    0    0    0    
252    19.393557183859343    0    0    0    0    0    0    0    
253    19.31606897506726    0    0    0    0    0    0    0    
254    18.969256336900198    0    0    0    0    0    0    0    
255    19.64552131356559    0    0    0    0    0    0    0    
256    20.55412829449101    0    0    0    0    0    0    0    
257    18.69389390040718    0    0    0    0    0    0    0    
258    19.336307064494008    0    0    0    0    0    0    0    
259    19.65145192263579    0    0    0    0    0    0    0    
260    19.479304571618215    0    0    0    0    0    0    0    
261    19.326184635469648    0    0    0    0    0    0    0    
262    18.973085719626923    0    0    0    0    0    0    0    
263    19.96877032881818    0    0    0    0    0    0    0    
264    18.990112947641276    0    0    0    0    0    0    0    
265    19.287361882044348    0    0    0    0    0    0    0    
266    19.657002766049988    0    0    0    0    0    0    0    
267    19.37992463208994    0    0    0    0    0    0    0    
268    18.82971739204405    0    0    0    0    0    0    0    
269    19.79914174359777    0    0    0    0    0    0    0    
270    19.106553291132418    0    0    0    0    0    0    0    
271    18.53312433636748    0    0    0    0    0    0    0    
272    19.59421287853933    0    0    0    0    0    0    0    
273    20.57091985208539    0    0    0    0    0    0    0    
274    20.076060274446615    0    0    0    0    0    0    0    
275    19.91764637902066    0    0    0    0    0    0    0    
276    19.174322525317887    0    0    0    0    0    0    0    
277    20.200022560513318    0    0    0    0    0    0    0    
278    19.0330902349503    0    0    0    0    0    0    0    
279    18.274890826808523    0    0    0    0    0    0    0    
280    19.92123139035904    0    0    0    0    0    0    0    
281    19.240295892415144    0    0    0    0    0    0    0    
282    20.06738126249898    0    0    0    0    0    0    0    
283    19.683196136165073    0    0    0    0    0    0    0    
284    19.651125611802033    0    0    0    0    0    0    0    
285    19.657258492765738    0    0    0    0    0    0    0    
286    19.51776506019238    0    0    0    0    0    0    0    
287    19.028742749113636    0    0    0    0    0    0    0    
288    19.301351651950622    0    0    0    0    0    0    0    
289    19.872202653900807    0    0    0    0    0    0    0    
290    19.008245749494634    0    0    0    0    0    0    0    
291    20.453950320599237    0    0    0    0    0    0    0    
292    19.72551734820549    0    0    0    0    0    0    0    
293    18.475088569117737    0    0    0    0    0    0    0    
294    19.627819193042193    0    0    0    0    0    0    0    
295    18.835094210376706    0    0    0    0    0    0    0    
296    18.67840296054769    0    0    0    0    0    0    0    
297    20.37802474660583    0    0    0    0    0    0    0    
298    20.738202088016585    0    0    0    0    0    0    0    
299    19.344461858524145    0    0    0    0    0    0    0    
300    19.011189017530604    0    0    0    0    0    0    0    
301    19.81698790365489    0    0    0    0    0    0    0    
302    18.83853504635411    0    0    0    0    0    0    0    
303    19.72040511680543    0    0    0    0    0    0    0    
304    19.669520828484252    0    0    0    0    0    0    0    
305    19.111651399949945    0    0    0    0    0    0    0    
306    21.266816746860098    0    0    0    0    0    0    0    
307    20.36455900355841    0    0    0    0    0    0    0    
308    19.24239696261336    0    0    0    0    0    0    0    
309    19.96902250215406    0    0    0    0    0    0    0    
310    19.96232747596434    0    0    0    0    0    0    0    
311    19.602391729420848    0    0    0    0    0    0    0    
312    19.158914551385433    0    0    0    0    0    0    0    
313    19.576110213306052    0    0    0    0    0    0    0    
314    18.66448980314354    0    0    0    0    0    0    0    
315    19.680968241952318    0    0    0    0    0    0    0    
316    19.522517495159857    0    0    0    0    0    0    0    
317    19.241859899435923    0    0    0    0    0    0    0    
318    19.153241567138718    0    0    0    0    0    0    0    
319    20.030925887028044    0    0    0    0    0    0    0    
320    19.753467352692    0    0    0    0    0    0    0    
321    19.37069232864667    0    0    0    0    0    0    0    
322    18.140662429592386    0    0    0    0    0    0    0    
323    19.74504134804465    0    0    0    0    0    0    0    
324    18.651575077268774    0    0    0    0    0    0    0    
325    19.367649862900713    0    0    0    0    0    0    0    
326    19.620063209901424    0    0    0    0    0    0    0    
327    19.770166314281507    0    0    0    0    0    0    0    
328    19.415710883652732    0    0    0    0    0    0    0    
329    19.578680164889732    0    0    0    0    0    0    0    
330    19.874757608714827    0    0    0    0    0    0    0    
331    19.413123494454542    0    0    0    0    0    0    0    
332    19.715271827438176    0    0    0    0    0    0    0    
333    20.186638527477484    0    0    0    0    0    0    0    
334    18.914827853773374    0    0    0    0    0    0    0    
335    20.07913493745191    0    0    0    0    0    0    0    
336    19.400565062789397    0    0    0    0    0    0    0    
337    19.510070962228042    0    0    0    0    0    0    0    
338    18.714219375066452    0    0    0    0    0    0    0    
339    19.914921741496265    0    0    0    0    0    0    0    
340    19.91373621185933    0    0    0    0    0    0    0    
341    19.77398361213658    0    0    0    0    0    0    0    
342    19.657001409520458    0    0    0    0    0    0    0    
343    19.741733042356934    0    0    0    0    0    0    0    
344    19.232978226418993    0    0    0    0    0    0    0    
345    18.83509077982294    0    0    0    0    0    0    0    
346    19.521674063035817    0    0    0    0    0    0    0    
347    19.632888370799844    0    0    0    0    0    0    0    
348    18.954203436477535    0    0    0    0    0    0    0    
349    18.95054553091702    0    0    0    0    0    0    0    
350    20.022417892145832    0    0    0    0    0    0    0    
351    19.234333865126775    0    0    0    0    0    0    0    
352    19.516626467678233    0    0    0    0    0    0    0    
353    19.836486382092453    0    0    0    0    0    0    0    
354    18.779253759722963    0    0    0    0    0    0    0    
355    19.985354120005034    0    0    0    0    0    0    0    
356    20.217179361308656    0    0    0    0    0    0    0    
357    19.835792800496737    0    0    0    0    0    0    0    
358    19.321773582580835    0    0    0    0    0    0    0    
359    19.698262863588983    0    0    0    0    0    0    0    
360    19.951891970319355    0    0    0    0    0    0    0    
361    19.157547663642973    0    0    0    0    0    0    0    
362    19.659855593987203    0    0    0    0    0    0    0    
363    18.608349312158015    0    0    0    0    0    0    0    
364    19.03566840483496    0    0    0    0    0    0    0    
365    20.19289012754731    0    0    0    0    0    0    0    
366    19.223556923306777    0    0    0    0    0    0    0    
367    20.102781342148553    0    0    0    0    0    0    0    
368    19.146857902577377    0    0    0    0    0    0    0    
369    19.711135062149854    0    0    0    0    0    0    0    
370    18.962452239912665    0    0    0    0    0    0    0    
371    19.89101203492589    0    0    0    0    0    0    0    
372    20.145285989129192    0    0    0    0    0    0    0    
373    19.71642919722699    0    0    0    0    0    0    0    
374    19.665870901528212    0    0    0    0    0    0    0    
375    19.890220816013343    0    0    0    0    0    0    0    
376    19.703515445137654    0    0    0    0    0    0    0    
377    19.447160834306434    0    0    0    0    0    0    0    
378    19.552269977859734    0    0    0    0    0    0    0    
379    19.783595977078487    0    0    0    0    0    0    0    
380    19.22933275669593    0    0    0    0    0    0    0    
381    20.273340599952732    0    0    0    0    0    0    0    
382    19.32747865638417    0    0    0    0    0    0    0    
383    19.462920212055312    0    0    0    0    0    0    0    
384    19.620979060936683    0    0    0    0    0    0    0    
385    18.272947553122233    0    0    0    0    0    0    0    
386    20.102254130142057    0    0    0    0    0    0    0    
387    19.185027177076417    0    0    0    0    0    0    0    
388    19.142256408238104    0    0    0    0    0    0    0    
389    19.95026092244764    0    0    0    0    0    0    0    
390    18.872432066516897    0    0    0    0    0    0    0    
391    19.155027014076477    0    0    0    0    0    0    0    
392    19.285120503149198    0    0    0    0    0    0    0    
393    19.084140126154903    0    0    0    0    0    0    0    
394    19.963304213954412    0    0    0    0    0    0    0    
395    20.29022344700549    0    0    0    0    0    0    0    
396    18.9964513660056    0    0    0    0    0    0    0    
397    19.61038618952616    0    0    0    0    0    0    0    
398    19.712616963124724    0    0    0    0    0    0    0    
399    19.677701971619932    0    0    0    0    0    0    0    
400    20.338687385229477    0    0    0    0    0    0    0    
401    18.991630044154256    0    0    0    0    0    0    0    
402    19.872188785951582    0    0    0    0    0    0    0    
403    19.106459700199807    0    0    0    0    0    0    0    
404    19.97381630585459    0    0    0    0    0    0    0    
405    18.66155350408417    0    0    0    0    0    0    0    
406    19.229720358337737    0    0    0    0    0    0    0    
407    19.714908590764885    0    0    0    0    0    0    0    
408    19.58211818375072    0    0    0    0    0    0    0    
409    18.716840121316608    0    0    0    0    0    0    0    
410    19.64718706066815    0    0    0    0    0    0    0    
411    18.904599603585936    0    0    0    0    0    0    0    
412    20.126181267139952    0    0    0    0    0    0    0    
413    19.377802209871756    0    0    0    0    0    0    0    
414    20.193563109806135    0    0    0    0    0    0    0    
415    18.707996859932827    0    0    0    0    0    0    0    
416    20.071920825966025    0    0    0    0    0    0    0    
417    19.183923616111286    0    0    0    0    0    0    0    
418    18.807326490699577    0    0    0    0    0    0    0    
419    19.080431596430167    0    0    0    0    0    0    0    
420    19.890898915121628    0    0    0    0    0    0    0    
421    19.9322456141668    0    0    0    0    0    0    0    
422    20.14016819184762    0    0    0    0    0    0    0    
423    19.507968520076798    0    0    0    0    0    0    0    
424    19.574995857446343    0    0    0    0    0    0    0    
425    19.298740184923883    0    0    0    0    0    0    0    
426    19.648396030257505    0    0    0    0    0    0    0    
427    19.90910768510515    0    0    0    0    0    0    0    
428    19.944604507315905    0    0    0    0    0    0    0    
429    19.396497133099775    0    0    0    0    0    0    0    
430    19.139285495967215    0    0    0    0    0    0    0    
431    19.666127084063014    0    0    0    0    0    0    0    
432    19.84818329059999    0    0    0    0    0    0    0    
433    20.014184331280003    0    0    0    0    0    0    0    
434    19.904549469291712    0    0    0    0    0    0    0    
435    19.39993503803619    0    0    0    0    0    0    0    
436    20.310482324873067    0    0    0    0    0    0    0    
437    19.642878455339336    0    0    0    0    0    0    0    
438    19.323984443613487    0    0    0    0    0    0    0    
439    18.705442546694837    0    0    0    0    0    0    0    
440    19.385295042514887    0    0    0    0    0    0    0    
441    19.228871808982678    0    0    0    0    0    0    0    
442    19.771885740091296    0    0    0    0    0    0    0    
443    19.5797871568631    0    0    0    0    0    0    0    
444    19.90177916877355    0    0    0    0    0    0    0    
445    18.912320966751242    0    0    0    0    0    0    0    
446    18.952609153043092    0    0    0    0    0    0    0    
447    19.518666130280167    0    0    0    0    0    0    0    
448    18.868572008820102    0    0    0    0    0    0    0    
449    19.652204544660155    0    0    0    0    0    0    0    
450    19.91535482076948    0    0    0    0    0    0    0    
451    19.203866774764396    0    0    0    0    0    0    0    
452    19.529689775855573    0    0    0    0    0    0    0    
453    19.49718070589088    0    0    0    0    0    0    0    
454    19.31845805456155    0    0    0    0    0    0    0    
455    20.27681022139023    0    0    0    0    0    0    0    
456    19.643384043760275    0    0    0    0    0    0    0    
457    19.752824187523636    0    0    0    0    0    0    0    
458    19.42614381566578    0    0    0    0    0    0    0    
459    18.797483946808597    0    0    0    0    0    0    0    
460    19.787718482550655    0    0    0    0    0    0    0    
461    19.224441825907515    0    0    0    0    0    0    0    
462    19.68323085992159    0    0    0    0    0    0    0    
463    19.663700934493505    0    0    0    0    0    0    0    
464    18.906104618210065    0    0    0    0    0    0    0    
465    19.626724757989606    0    0    0    0    0    0    0    
466    20.06125835880612    0    0    0    0    0    0    0    
467    19.97921450468986    0    0    0    0    0    0    0    
468    20.0445390794558    0    0    0    0    0    0    0    
469    19.70907174562533    0    0    0    0    0    0    0    
470    19.418476219403985    0    0    0    0    0    0    0    
471    19.817423739927527    0    0    0    0    0    0    0    
472    18.885003867411157    0    0    0    0    0    0    0    
473    19.098279445070528    0    0    0    0    0    0    0    
474    19.181645310595258    0    0    0    0    0    0    0    
475    19.61232237812123    0    0    0    0    0    0    0    
476    20.11624991220358    0    0    0    0    0    0    0    
477    19.52099693362019    0    0    0    0    0    0    0    
478    19.710408490258786    0    0    0    0    0    0    0    
479    19.20545323388826    0    0    0    0    0    0    0    
480    19.748659582737062    0    0    0    0    0    0    0    
481    19.194116137916247    0    0    0    0    0    0    0    
482    19.700919148312597    0    0    0    0    0    0    0    
483    18.89450613432569    0    0    0    0    0    0    0    
484    19.276280551066073    0    0    0    0    0    0    0    
485    18.391541941756127    0    0    0    0    0    0    0    
486    19.907239064959608    0    0    0    0    0    0    0    
487    19.573939485688026    0    0    0    0    0    0    0    
488    19.912982090747924    0    0    0    0    0    0    0    
489    19.24736351926962    0    0    0    0    0    0    0    
490    19.798551037040788    0    0    0    0    0    0    0    
491    19.98681680993548    0    0    0    0    0    0    0    
492    19.592597840797374    0    0    0    0    0    0    0    
493    20.281623189465787    0    0    0    0    0    0    0    
494    19.161265572587354    0    0    0    0    0    0    0    
495    19.767806124685013    0    0    0    0    0    0    0    
496    19.73080216672777    0    0    0    0    0    0    0    
497    19.672029885368975    0    0    0    0    0    0    0    
498    19.8957175593055    0    0    0    0    0    0    0    
499    18.611034899542993    0    0    0    0    0    0    0    
500    19.83833989114446    0    0    0    0    0    0    0    
501    19.478213085943267    0    0    0    0    0    0    0    
502    19.64058286278564    0    0    0    0    0    0    0    
503    19.061783836556764    0    0    0    0    0    0    0    
504    19.44186651633023    0    0    0    0    0    0    0    
505    20.0999982139044    0    0    0    0    0    0    0    
506    19.799157747571922    0    0    0    0    0    0    0    
507    19.410491694725604    0    0    0    0    0    0    0    
508    17.906883609816056    0    0    0    0    0    0    0    
509    19.598636409272796    0    0    0    0    0    0    0    
510    19.69664729533764    0    0    0    0    0    0    0    
511    19.682691277195044    0    0    0    0    0    0    0    
512    19.28042937666582    0    0    0    0    0    0    0    
513    19.609639104498918    0    0    0    0    0    0    0    
514    19.461887423742365    0    0    0    0    0    0    0    
515    19.47856661602873    0    0    0    0    0    0    0    
516    20.45767936452218    0    0    0    0    0    0    0    
517    20.216160114313745    0    0    0    0    0    0    0    
518    20.148810704235586    0    0    0    0    0    0    0    
519    19.833216737760054    0    0    0    0    0    0    0    
520    19.346634914078773    0    0    0    0    0    0    0    
521    19.816291696289532    0    0    0    0    0    0    0    
522    19.55909432119258    0    0    0    0    0    0    0    
523    18.706202232889297    0    0    0    0    0    0    0    
524    19.54087573448798    0    0    0    0    0    0    0    
525    18.089400324052743    0    0    0    0    0    0    0    
526    20.05809737871696    0    0    0    0    0    0    0    
527    19.85915571130834    0    0    0    0    0    0    0    
528    19.85694250444863    0    0    0    0    0    0    0    
529    19.16300863036221    0    0    0    0    0    0    0    
530    19.10308681613763    0    0    0    0    0    0    0    
531    19.87167694910019    0    0    0    0    0    0    0    
532    18.867725451637348    0    0    0    0    0    0    0    
533    19.599030671903066    0    0    0    0    0    0    0    
534    19.07866595088583    0    0    0    0    0    0    0    
535    20.174895167437732    0    0    0    0    0    0    0    
536    19.806288768061112    0    0    0    0    0    0    0    
537    18.892527469868487    0    0    0    0    0    0    0    
538    19.883891853725693    0    0    0    0    0    0    0    
539    19.66109091691886    0    0    0    0    0    0    0    
540    19.909351542785448    0    0    0    0    0    0    0    
541    19.713618218935892    0    0    0    0    0    0    0    
542    19.727018592678583    0    0    0    0    0    0    0    
543    18.85898484585383    0    0    0    0    0    0    0    
544    19.146249857016382    0    0    0    0    0    0    0    
545    19.704303194755422    0    0    0    0    0    0    0    
546    19.135195019060035    0    0    0    0    0    0    0    
547    19.07839835521808    0    0    0    0    0    0    0    
548    18.543147444496828    0    0    0    0    0    0    0    
549    19.491992006781103    0    0    0    0    0    0    0    
550    18.945670276436587    0    0    0    0    0    0    0    
551    19.19368196648537    0    0    0    0    0    0    0    
552    19.403855591215905    0    0    0    0    0    0    0    
553    19.44781420115735    0    0    0    0    0    0    0    
554    19.81356361540012    0    0    0    0    0    0    0    
555    19.708791617482    0    0    0    0    0    0    0    
556    20.34053415057055    0    0    0    0    0    0    0    
557    20.57258189131848    0    0    0    0    0    0    0    
558    19.440408351565335    0    0    0    0    0    0    0    
559    19.220561373058803    0    0    0    0    0    0    0    
560    19.628059952589876    0    0    0    0    0    0    0    
561    19.391475112651506    0    0    0    0    0    0    0    
562    20.8726077430765    0    0    0    0    0    0    0    
563    19.630441400350236    0    0    0    0    0    0    0    
564    19.288524622082313    0    0    0    0    0    0    0    
565    19.62950155540901    0    0    0    0    0    0    0    
566    19.428873504620544    0    0    0    0    0    0    0    
567    19.769375450083874    0    0    0    0    0    0    0    
568    20.682477763680794    0    0    0    0    0    0    0    
569    19.227437792619956    0    0    0    0    0    0    0    
570    19.508865256497984    0    0    0    0    0    0    0    
571    18.990099190890426    0    0    0    0    0    0    0    
572    20.384118379361936    0    0    0    0    0    0    0    
573    19.79217141055222    0    0    0    0    0    0    0    
574    18.51163523244335    0    0    0    0    0    0    0    
575    19.530649866735516    0    0    0    0    0    0    0    
576    18.430551884660556    0    0    0    0    0    0    0    
577    19.309339579298527    0    0    0    0    0    0    0    
578    19.04312338748312    0    0    0    0    0    0    0    
579    20.080155719379007    0    0    0    0    0    0    0    
580    19.364932963637678    0    0    0    0    0    0    0    
581    18.80401203831525    0    0    0    0    0    0    0    
582    19.24881556182032    0    0    0    0    0    0    0    
583    19.437021185818114    0    0    0    0    0    0    0    
584    19.443046418198065    0    0    0    0    0    0    0    
585    20.27213683555151    0    0    0    0    0    0    0    
586    19.921168384832136    0    0    0    0    0    0    0    
587    19.564756549447065    0    0    0    0    0    0    0    
588    19.36616969073586    0    0    0    0    0    0    0    
589    19.234141358969737    0    0    0    0    0    0    0    
590    19.495618559574616    0    0    0    0    0    0    0    
591    19.806254665431318    0    0    0    0    0    0    0    
592    20.097494907657058    0    0    0    0    0    0    0    
593    19.0139790346129    0    0    0    0    0    0    0    
594    20.166729060282808    0    0    0    0    0    0    0    
595    19.467902287791617    0    0    0    0    0    0    0    
596    19.383062563201378    0    0    0    0    0    0    0    
597    19.299565635398007    0    0    0    0    0    0    0    
598    19.61962549160732    0    0    0    0    0    0    0    
599    20.247625529503082    0    0    0    0    0    0    0    
600    19.73414301895412    0    0    0    0    0    0    0    
601    20.469605012964994    0    0    0    0    0    0    0    
602    19.99651658587166    0    0    0    0    0    0    0    
603    18.945277548084956    0    0    0    0    0    0    0    
604    20.257558796171256    0    0    0    0    0    0    0    
605    19.310454876232654    0    0    0    0    0    0    0    
606    19.760715558049583    0    0    0    0    0    0    0    
607    19.740634716417613    0    0    0    0    0    0    0    
608    18.986078221038866    0    0    0    0    0    0    0    
609    19.12454831843658    0    0    0    0    0    0    0    
610    19.189701903026407    0    0    0    0    0    0    0    
611    19.541076132834515    0    0    0    0    0    0    0    
612    19.204631325898387    0    0    0    0    0    0    0    
613    18.1958414015777    0    0    0    0    0    0    0    
614    18.41159248658337    0    0    0    0    0    0    0    
615    18.8426935275467    0    0    0    0    0    0    0    
616    20.193548432867665    0    0    0    0    0    0    0    
617    20.033407224368137    0    0    0    0    0    0    0    
618    19.85324537738432    0    0    0    0    0    0    0    
619    19.25099342644124    0    0    0    0    0    0    0    
620    20.20664176117682    0    0    0    0    0    0    0    
621    19.53982804208179    0    0    0    0    0    0    0    
622    20.043473372664913    0    0    0    0    0    0    0    
623    19.0075472168236    0    0    0    0    0    0    0    
624    19.492794361115312    0    0    0    0    0    0    0    
625    19.498766403938415    0    0    0    0    0    0    0    
626    19.338344644334175    0    0    0    0    0    0    0    
627    19.51966540564413    0    0    0    0    0    0    0    
628    20.35467399212777    0    0    0    0    0    0    0    
629    18.819728473928542    0    0    0    0    0    0    0    
630    19.679499756818377    0    0    0    0    0    0    0    
631    19.598194588650493    0    0    0    0    0    0    0    
632    19.807828074319445    0    0    0    0    0    0    0    
633    19.74559947176506    0    0    0    0    0    0    0    
634    19.75976196580769    0    0    0    0    0    0    0    
635    19.316550306253916    0    0    0    0    0    0    0    
636    20.02262794227693    0    0    0    0    0    0    0    
637    19.769987476666465    0    0    0    0    0    0    0    
638    19.193346186225966    0    0    0    0    0    0    0    
639    19.558229143474414    0    0    0    0    0    0    0    
640    20.21942468480371    0    0    0    0    0    0    0    
641    20.14754392428291    0    0    0    0    0    0    0    
642    18.273032185822572    0    0    0    0    0    0    0    
643    20.07173999868771    0    0    0    0    0    0    0    
644    19.514637238430552    0    0    0    0    0    0    0    
645    19.525340724087105    0    0    0    0    0    0    0    
646    20.3172118714251    0    0    0    0    0    0    0    
647    19.095879858208455    0    0    0    0    0    0    0    
648    19.69976502038852    0    0    0    0    0    0    0    
649    18.734349512399923    0    0    0    0    0    0    0    
650    19.297571454273825    0    0    0    0    0    0    0    
651    19.7418342328592    0    0    0    0    0    0    0    
652    19.709852781446134    0    0    0    0    0    0    0    
653    19.201456032328398    0    0    0    0    0    0    0    
654    20.206827845441094    0    0    0    0    0    0    0    
655    20.121030769399106    0    0    0    0    0    0    0    
656    19.590021043961507    0    0    0    0    0    0    0    
657    19.73864804048569    0    0    0    0    0    0    0    
658    19.37610642339231    0    0    0    0    0    0    0    
659    19.131355362621523    0    0    0    0    0    0    0    