! OpenFAST Deterministic Wind File
#
# Comment lines begin with "!" or "#" or "%", then the data lines must contain the following columns:
#
# If there are only 8 columns, upflow is assumed to be 0.
#
# Parameters are interpolated linearly between time steps; using nearest neighbor before the first time 
# listed in this file and after the last time listed in the file. 
#
! Time     Wind    Wind    Vertical    Horiz.      Pwr.Law     Lin.Vert.   Gust     Upflow
!          Speed   Dir     Speed       Shear       Vert.Shr    Shear       Speed    Angle 
! (sec)    (m/s)   (Deg)   (m/s)                                            (m/s)   (deg)
0    19.62977480245733    0    0    0    0    0    0    0    
1    18.741231359908824    0    0    0    0    0    0    0    
2    19.941212128759304    0    0    0    0    0    0    0    
3    20.8566477840161    0    0    0    0    0    0    0    
4    19.836821564102678    0    0    0    0    0    0    0    
5    20.674209910234286    0    0    0    0    0    0    0    
6    21.2990365242965    0    0    0    0    0    0    0    
7    18.347167420902633    0    0    0    0    0    0    0    
8    21.014164448658647    0    0    0    0    0    0    0    
9    20.865240328282933    0    0    0    0    0    0    0    
10    19.823533994759508    0    0    0    0    0    0    0    
11    19.55419695813158    0    0    0    0    0    0    0    
12    18.378414081174    0    0    0    0    0    0    0    
13    21.507622199901416    0    0    0    0    0    0    0    
14    20.639186533509143    0    0    0    0    0    0    0    
15    19.864852743513932    0    0    0    0    0    0    0    
16    19.564469062761948    0    0    0    0    0    0    0    
17    20.18049713459238    0    0    0    0    0    0    0    
18    20.560156680592556    0    0    0    0    0    0    0    
19    20.548545361500288    0    0    0    0    0    0    0    
20    19.11822893910702    0    0    0    0    0    0    0    
21    20.009291328132914    0    0    0    0    0    0    0    
22    18.79662444545883    0    0    0    0    0    0    0    
23    19.882078531096205    0    0    0    0    0    0    0    
24    19.862453985421244    0    0    0    0    0    0    0    
25    20.209409377268884    0    0    0    0    0    0    0    
26    19.11027698712181    0    0    0    0    0    0    0    
27    18.346130136112357    0    0    0    0    0    0    0    
28    19.548796968069105    0    0    0    0    0    0    0    
29    19.19312487180596    0    0    0    0    0    0    0    
30    20.40744250365087    0    0    0    0    0    0    0    
31    20.289977465974484    0    0    0    0    0    0    0    
32    20.138664539262262    0    0    0    0    0    0    0    
33    20.21857782801102    0    0    0    0    0    0    0    
34    20.542726706727972    0    0    0    0    0    0    0    
35    17.79321705688992    0    0    0    0    0    0    0    
36    21.611654738662185    0    0    0    0    0    0    0    
37    20.9811622092226    0    0    0    0    0    0    0    
38    21.270562661163922    0    0    0    0    0    0    0    
39    20.73179447307383    0    0    0    0    0    0    0    
40    20.397814396729345    0    0    0    0    0    0    0    
41    19.380438933273975    0    0    0    0    0    0    0    
42    18.496913357642427    0    0    0    0    0    0    0    
43    20.80357013489552    0    0    0    0    0    0    0    
44    20.609834268259924    0    0    0    0    0    0    0    
45    18.532832087551412    0    0    0    0    0    0    0    
46    19.77702170086783    0    0    0    0    0    0    0    
47    21.284785910473886    0    0    0    0    0    0    0    
48    19.612822910629642    0    0    0    0    0    0    0    
49    20.677238683491975    0    0    0    0    0    0    0    
50    20.52210387046872    0    0    0    0    0    0    0    
51    20.74383812094934    0    0    0    0    0    0    0    
52    20.597551958351957    0    0    0    0    0    0    0    
53    20.98370665951972    0    0    0    0    0    0    0    
54    21.526249137815558    0    0    0    0    0    0    0    
55    20.78617550494682    0    0    0    0    0    0    0    
56    19.92971593323246    0    0    0    0    0    0    0    
57    19.454849401612663    0    0    0    0    0    0    0    
58    19.641402526530705    0    0    0    0    0    0    0    
59    20.76365241722889    0    0    0    0    0    0    0    
60    19.53414854969724    0    0    0    0    0    0    0    
61    20.910376131758532    0    0    0    0    0    0    0    
62    20.294376885216973    0    0    0    0    0    0    0    
63    20.209108084025164    0    0    0    0    0    0    0    
64    20.485705637025564    0    0    0    0    0    0    0    
65    19.90870090407617    0    0    0    0    0    0    0    
66    19.405572871070444    0    0    0    0    0    0    0    
67    19.85053104025367    0    0    0    0    0    0    0    
68    20.06498135576322    0    0    0    0    0    0    0    
69    20.917253387477018    0    0    0    0    0    0    0    
70    21.06475365534567    0    0    0    0    0    0    0    
71    21.216077831868546    0    0    0    0    0    0    0    
72    20.13888482275784    0    0    0    0    0    0    0    
73    19.444179895743023    0    0    0    0    0    0    0    
74    20.111883179048547    0    0    0    0    0    0    0    
75    20.084219677950244    0    0    0    0    0    0    0    
76    20.005649728758925    0    0    0    0    0    0    0    
77    19.646420516281    0    0    0    0    0    0    0    
78    19.59792119787789    0    0    0    0    0    0    0    
79    20.546708618995925    0    0    0    0    0    0    0    
80    19.878215409132462    0    0    0    0    0    0    0    
81    19.714883129008555    0    0    0    0    0    0    0    
82    19.672702752367783    0    0    0    0    0    0    0    
83    20.331557165918944    0    0    0    0    0    0    0    
84    20.82878596045231    0    0    0    0    0    0    0    
85    18.421064769239432    0    0    0    0    0    0    0    
86    20.37936439733358    0    0    0    0    0    0    0    
87    19.634927288666347    0    0    0    0    0    0    0    
88    19.759060874600102    0    0    0    0    0    0    0    
89    19.957764074600963    0    0    0    0    0    0    0    
90    19.54108678592453    0    0    0    0    0    0    0    
91    18.954897880899225    0    0    0    0    0    0    0    
92    20.94364944218799    0    0    0    0    0    0    0    
93    20.08784298155448    0    0    0    0    0    0    0    
94    20.649843423105388    0    0    0    0    0    0    0    
95    19.790112328761076    0    0    0    0    0    0    0    
96    20.9752100414346    0    0    0    0    0    0    0    
97    20.335181794616716    0    0    0    0    0    0    0    
98    20.68262703900602    0    0    0    0    0    0    0    
99    19.299554590832088    0    0    0    0    0    0    0    
100    20.750684387201552    0    0    0    0    0    0    0    
101    19.314544640962403    0    0    0    0    0    0    0    
102    20.580134646029432    0    0    0    0    0    0    0    
103    20.452946332406363    0    0    0    0    0    0    0    
104    21.284350645473687    0    0    0    0    0    0    0    
105    19.58550433275946    0    0    0    0    0    0    0    
106    20.128387716891716    0    0    0    0    0    0    0    
107    20.418396124553876    0    0    0    0    0    0    0    
108    19.15718725111715    0    0    0    0    0    0    0    
109    20.99827326680484    0    0    0    0    0    0    0    
110    20.51171307534998    0    0    0    0    0    0    0    
111    20.078070886663433    0    0    0    0    0    0    0    
112    20.34299767659375    0    0    0    0    0    0    0    
113    18.677052757586114    0    0    0    0    0    0    0    
114    19.85033993378534    0    0    0    0    0    0    0    
115    19.774999668268137    0    0    0    0    0    0    0    
116    19.452746868031987    0    0    0    0    0    0    0    
117    20.51102484714018    0    0    0    0    0    0    0    
118    20.620222746443147    0    0    0    0    0    0    0    
119    20.28343604912203    0    0    0    0    0    0    0    
120    20.32080012878955    0    0    0    0    0    0    0    
121    18.34109994004774    0    0    0    0    0    0    0    
122    19.972943440027375    0    0    0    0    0    0    0    
123    19.077584662091887    0    0    0    0    0    0    0    
124    20.467229761018206    0    0    0    0    0    0    0    
125    20.32515855970027    0    0    0    0    0    0    0    
126    19.60043496735942    0    0    0    0    0    0    0    
127    19.7478804727582    0    0    0    0    0    0    0    
128    20.055697856709255    0    0    0    0    0    0    0    
129    20.1781638874256    0    0    0    0    0    0    0    
130    20.390256869939797    0    0    0    0    0    0    0    
131    19.292200495595054    0    0    0    0    0    0    0    
132    20.08123896393907    0    0    0    0    0    0    0    
133    19.597720671332404    0    0    0    0    0    0    0    
134    19.311308310156395    0    0    0    0    0    0    0    
135    21.05784635353521    0    0    0    0    0    0    0    
136    20.034370274230096    0    0    0    0    0    0    0    
137    20.52750408728354    0    0    0    0    0    0    0    
138    20.838332498046558    0    0    0    0    0    0    0    
139    20.710917845507282    0    0    0    0    0    0    0    
140    19.909539368503395    0    0    0    0    0    0    0    
141    20.268204539492316    0    0    0    0    0    0    0    
142    20.333549769037297    0    0    0    0    0    0    0    
143    19.773905287460643    0    0    0    0    0    0    0    
144    20.166240057807133    0    0    0    0    0    0    0    
145    18.597848592557302    0    0    0    0    0    0    0    
146    19.574038297075898    0    0    0    0    0    0    0    
147    21.34779567208767    0    0    0    0    0    0    0    
148    20.65218344058841    0    0    0    0    0    0    0    
149    18.7957672060382    0    0    0    0    0    0    0    
150    19.80027645004306    0    0    0    0    0    0    0    
151    20.343593964975312    0    0    0    0    0    0    0    
152    20.510447462731303    0    0    0    0    0    0    0    
153    20.136725556507514    0    0    0    0    0    0    0    
154    20.266274558991068    0    0    0    0    0    0    0    
155    20.00042350810004    0    0    0    0    0    0    0    
156    20.6027781020279    0    0    0    0    0    0    0    
157    20.051859731804416    0    0    0    0    0    0    0    
158    19.955819218232076    0    0    0    0    0    0    0    
159    19.681105785334477    0    0    0    0    0    0    0    
160    21.165990583479473    0    0    0    0    0    0    0    
161    19.489353425505534    0    0    0    0    0    0    0    
162    20.698570806303437    0    0    0    0    0    0    0    
163    20.66310059243756    0    0    0    0    0    0    0    
164    21.151369750405756    0    0    0    0    0    0    0    
165    19.90401074782499    0    0    0    0    0    0    0    
166    19.535630858873056    0    0    0    0    0    0    0    
167    19.739039028131334    0    0    0    0    0    0    0    
168    20.67244604433591    0    0    0    0    0    0    0    
169    19.761335952110574    0    0    0    0    0    0    0    
170    20.32974610781162    0    0    0    0    0    0    0    
171    18.957871887791555    0    0    0    0    0    0    0    
172    19.668717487198073    0    0    0    0    0    0    0    
173    19.389968706660742    0    0    0    0    0    0    0    
174    20.29801576676055    0    0    0    0    0    0    0    
175    20.099884373543073    0    0    0    0    0    0    0    
176    19.351100402052204    0    0    0    0    0    0    0    
177    18.863111234802325    0    0    0    0    0    0    0    
178    20.96053856915865    0    0    0    0    0    0    0    
179    19.792911736601717    0    0    0    0    0    0    0    
180    21.177747795440492    0    0    0    0    0    0    0    
181    18.942219586262084    0    0    0    0    0    0    0    
182    20.2294322987659    0    0    0    0    0    0    0    
183    20.538379254496796    0    0    0    0    0    0    0    
184    20.218886350838595    0    0    0    0    0    0    0    
185    20.455193224658473    0    0    0    0    0    0    0    
186    19.053378701474852    0    0    0    0    0    0    0    
187    20.755679171460752    0    0    0    0    0    0    0    
188    19.707018147867892    0    0    0    0    0    0    0    
189    21.005372226844997    0    0    0    0    0    0    0    
190    20.554231595667734    0    0    0    0    0    0    0    
191    20.110241022009795    0    0    0    0    0    0    0    
192    20.999220110117268    0    0    0    0    0    0    0    
193    19.36896410635782    0    0    0    0    0    0    0    
194    20.48506338742278    0    0    0    0    0    0    0    
195    19.95756335483868    0    0    0    0    0    0    0    
196    21.427066546097095    0    0    0    0    0    0    0    
197    19.006537504875304    0    0    0    0    0    0    0    
198    20.212657150879757    0    0    0    0    0    0    0    
199    18.99070951851078    0    0    0    0    0    0    0    
200    19.795833449737916    0    0    0    0    0    0    0    
201    19.340901127585262    0    0    0    0    0    0    0    
202    20.051387698164003    0    0    0    0    0    0    0    
203    19.271318885457717    0    0    0    0    0    0    0    
204    19.715546687778435    0    0    0    0    0    0    0    
205    19.65194630479846    0    0    0    0    0    0    0    
206    20.741447045269535    0    0    0    0    0    0    0    
207    20.254471748459306    0    0    0    0    0    0    0    
208    20.44674631234714    0    0    0    0    0    0    0    
209    20.164763358149916    0    0    0    0    0    0    0    
210    20.378805948265324    0    0    0    0    0    0    0    
211    19.194419124996198    0    0    0    0    0    0    0    
212    18.526358168178472    0    0    0    0    0    0    0    
213    20.519379311279593    0    0    0    0    0    0    0    
214    19.42339004663641    0    0    0    0    0    0    0    
215    20.70872075514825    0    0    0    0    0    0    0    
216    19.7823674501199    0    0    0    0    0    0    0    
217    20.070959189078806    0    0    0    0    0    0    0    
218    20.635410276330287    0    0    0    0    0    0    0    
219    20.852767036328927    0    0    0    0    0    0    0    
220    20.053270649323036    0    0    0    0    0    0    0    
221    19.806563529945407    0    0    0    0    0    0    0    
222    21.539931676949102    0    0    0    0    0    0    0    
223    19.568217650908398    0    0    0    0    0    0    0    
224    20.23407218109006    0    0    0    0    0    0    0    
225    21.075593606451378    0    0    0    0    0    0    0    
226    20.595224622152635    0    0    0    0    0    0    0    
227    19.71213865837702    0    0    0    0    0    0    0    
228    20.113879415657152    0    0    0    0    0    0    0    
229    20.60676205106352    0    0    0    0    0    0    0    
230    20.15308940668933    0    0    0    0    0    0    0    
231    19.47919398083003    0    0    0    0    0    0    0    
232    19.493545778744615    0    0    0    0    0    0    0    
233    19.728162403433043    0    0    0    0    0    0    0    
234    19.76224389483885    0    0    0    0    0    0    0    
235    19.81530557581273    0    0    0    0    0    0    0    
236    19.48748772169387    0    0    0    0    0    0    0    
237    20.304151448648987    0    0    0    0    0    0    0    
238    18.47416724801276    0    0    0    0    0    0    0    
239    20.71014449330129    0    0    0    0    0    0    0    
240    19.607118498576785    0    0    0    0    0    0    0    
241    20.675624385850398    0    0    0    0    0    0    0    
242    19.218667915242797    0    0    0    0    0    0    0    
243    20.32113448820454    0    0    0    0    0    0    0    
244    19.8014568324298    0    0    0    0    0    0    0    
245    20.05843554890224    0    0    0    0    0    0    0    
246    20.767604607804696    0    0    0    0    0    0    0    
247    20.66345420590955    0    0    0    0    0    0    0    
248    20.064420940424544    0    0    0    0    0    0    0    
249    21.232376011067636    0    0    0    0    0    0    0    
250    19.36333433990101    0    0    0    0    0    0    0    
251    19.876170388946722    0    0    0    0    0    0    0    
252    19.408825529763742    0    0    0    0    0    0    0    
253    19.853720772524838    0    0    0    0    0    0    0    
254    21.009132405129762    0    0    0    0    0    0    0    
255    20.689119242881283    0    0    0    0    0    0    0    
256    21.340159676485776    0    0    0    0    0    0    0    
257    18.78360352592033    0    0    0    0    0    0    0    
258    20.418058772094724    0    0    0    0    0    0    0    
259    18.92187247295677    0    0    0    0    0    0    0    
260    19.847174004982456    0    0    0    0    0    0    0    
261    19.722031834334587    0    0    0    0    0    0    0    
262    19.235305106293993    0    0    0    0    0    0    0    
263    20.95514998181301    0    0    0    0    0    0    0    
264    20.724941740454465    0    0    0    0    0    0    0    
265    18.498703672011494    0    0    0    0    0    0    0    
266    20.629026497310576    0    0    0    0    0    0    0    
267    20.112879410268377    0    0    0    0    0    0    0    
268    20.529022538455173    0    0    0    0    0    0    0    
269    21.681757211178255    0    0    0    0    0    0    0    
270    21.074303467085528    0    0    0    0    0    0    0    
271    19.57670471978598    0    0    0    0    0    0    0    
272    19.700442786956803    0    0    0    0    0    0    0    
273    19.726596508640025    0    0    0    0    0    0    0    
274    20.70225758765641    0    0    0    0    0    0    0    
275    20.081413967580435    0    0    0    0    0    0    0    
276    20.5743272503324    0    0    0    0    0    0    0    
277    19.654092612484497    0    0    0    0    0    0    0    
278    19.347841064933508    0    0    0    0    0    0    0    
279    18.842459724309595    0    0    0    0    0    0    0    
280    19.880862262578837    0    0    0    0    0    0    0    
281    19.77363452337796    0    0    0    0    0    0    0    
282    20.091446405783717    0    0    0    0    0    0    0    
283    19.952392975307912    0    0    0    0    0    0    0    
284    19.444519022466043    0    0    0    0    0    0    0    
285    19.012269421350066    0    0    0    0    0    0    0    
286    18.879244175236273    0    0    0    0    0    0    0    
287    19.146711228423197    0    0    0    0    0    0    0    
288    18.85318627095791    0    0    0    0    0    0    0    
289    20.061791748304255    0    0    0    0    0    0    0    
290    20.58675079864594    0    0    0    0    0    0    0    
291    19.933308055169988    0    0    0    0    0    0    0    
292    19.351750623005778    0    0    0    0    0    0    0    
293    19.69925261067762    0    0    0    0    0    0    0    
294    19.640192367169238    0    0    0    0    0    0    0    
295    21.10584609808341    0    0    0    0    0    0    0    
296    20.066493363824605    0    0    0    0    0    0    0    
297    18.53189065203841    0    0    0    0    0    0    0    
298    19.941640367956158    0    0    0    0    0    0    0    
299    19.272917268047987    0    0    0    0    0    0    0    
300    19.422967665867308    0    0    0    0    0    0    0    
301    20.29413697285186    0    0    0    0    0    0    0    
302    20.326405936064194    0    0    0    0    0    0    0    
303    19.744861549008633    0    0    0    0    0    0    0    
304    18.933362959770005    0    0    0    0    0    0    0    
305    19.106837029305925    0    0    0    0    0    0    0    
306    19.873147936865763    0    0    0    0    0    0    0    
307    20.709459003339447    0    0    0    0    0    0    0    
308    20.574782858962006    0    0    0    0    0    0    0    
309    19.110560062535335    0    0    0    0    0    0    0    
310    19.406705668693228    0    0    0    0    0    0    0    
311    21.864920295417974    0    0    0    0    0    0    0    
312    20.54622050312752    0    0    0    0    0    0    0    
313    20.163883529657983    0    0    0    0    0    0    0    
314    19.853857625846132    0    0    0    0    0    0    0    
315    19.487464878051714    0    0    0    0    0    0    0    
316    19.352834871426527    0    0    0    0    0    0    0    
317    19.940962973894035    0    0    0    0    0    0    0    
318    19.663093906908628    0    0    0    0    0    0    0    
319    20.763537609003503    0    0    0    0    0    0    0    
320    21.65492538808006    0    0    0    0    0    0    0    
321    21.388829298268345    0    0    0    0    0    0    0    
322    21.230398143088628    0    0    0    0    0    0    0    
323    19.894026495976984    0    0    0    0    0    0    0    
324    18.810297608339173    0    0    0    0    0    0    0    
325    20.520446293416455    0    0    0    0    0    0    0    
326    18.728231691847785    0    0    0    0    0    0    0    
327    19.716465212671302    0    0    0    0    0    0    0    
328    18.514248362128637    0    0    0    0    0    0    0    
329    19.511906294759548    0    0    0    0    0    0    0    
330    21.19738769785918    0    0    0    0    0    0    0    
331    20.77422056588279    0    0    0    0    0    0    0    
332    19.78980540787329    0    0    0    0    0    0    0    
333    19.230727918945    0    0    0    0    0    0    0    
334    19.0305213152966    0    0    0    0    0    0    0    
335    20.325547059975413    0    0    0    0    0    0    0    
336    18.814394246550144    0    0    0    0    0    0    0    
337    19.81409155279971    0    0    0    0    0    0    0    
338    20.549054972855433    0    0    0    0    0    0    0    
339    20.735373761635138    0    0    0    0    0    0    0    
340    21.068925548715377    0    0    0    0    0    0    0    
341    21.076266023647886    0    0    0    0    0    0    0    
342    20.91573517152713    0    0    0    0    0    0    0    
343    21.816197659781025    0    0    0    0    0    0    0    
344    19.81101667541771    0    0    0    0    0    0    0    
345    19.94358298507736    0    0    0    0    0    0    0    
346    21.185534606634207    0    0    0    0    0    0    0    
347    21.046710720788102    0    0    0    0    0    0    0    
348    20.032282296837664    0    0    0    0    0    0    0    
349    19.396545442060592    0    0    0    0    0    0    0    
350    19.59914986383661    0    0    0    0    0    0    0    
351    20.28002709103582    0    0    0    0    0    0    0    
352    18.921179099579426    0    0    0    0    0    0    0    
353    20.403274678318628    0    0    0    0    0    0    0    
354    21.34903031090066    0    0    0    0    0    0    0    
355    19.76262324562238    0    0    0    0    0    0    0    
356    20.003604643078003    0    0    0    0    0    0    0    
357    20.001748089094107    0    0    0    0    0    0    0    
358    18.38985127121442    0    0    0    0    0    0    0    
359    19.581060533515608    0    0    0    0    0    0    0    
360    19.462537153746005    0    0    0    0    0    0    0    
361    20.345228690780065    0    0    0    0    0    0    0    
362    19.734689698769387    0    0    0    0    0    0    0    
363    20.430257284968015    0    0    0    0    0    0    0    
364    19.73478887875037    0    0    0    0    0    0    0    
365    20.23661005084249    0    0    0    0    0    0    0    
366    20.329411227839724    0    0    0    0    0    0    0    
367    20.889877716591396    0    0    0    0    0    0    0    
368    19.091205365818183    0    0    0    0    0    0    0    
369    18.880267534507393    0    0    0    0    0    0    0    
370    19.73508516769845    0    0    0    0    0    0    0    
371    19.51277118550643    0    0    0    0    0    0    0    
372    21.540910730700993    0    0    0    0    0    0    0    
373    22.43065001345937    0    0    0    0    0    0    0    
374    21.179830180536854    0    0    0    0    0    0    0    
375    20.58729191806139    0    0    0    0    0    0    0    
376    20.04841444751588    0    0    0    0    0    0    0    
377    19.051043782837183    0    0    0    0    0    0    0    
378    19.168826350893912    0    0    0    0    0    0    0    
379    20.975775162819144    0    0    0    0    0    0    0    
380    18.993778856031497    0    0    0    0    0    0    0    
381    19.786538553056445    0    0    0    0    0    0    0    
382    20.247767106708146    0    0    0    0    0    0    0    
383    20.728737646024747    0    0    0    0    0    0    0    
384    20.22004333815264    0    0    0    0    0    0    0    
385    20.02319406502425    0    0    0    0    0    0    0    
386    19.33461816725239    0    0    0    0    0    0    0    
387    20.16682870347107    0    0    0    0    0    0    0    
388    19.775590602378347    0    0    0    0    0    0    0    
389    20.20008454821967    0    0    0    0    0    0    0    
390    19.761998217951312    0    0    0    0    0    0    0    
391    19.721886980492734    0    0    0    0    0    0    0    
392    20.19131651977041    0    0    0    0    0    0    0    
393    19.397198960654336    0    0    0    0    0    0    0    
394    18.873560014179    0    0    0    0    0    0    0    
395    19.020290989076123    0    0    0    0    0    0    0    
396    19.598002285909658    0    0    0    0    0    0    0    
397    20.52031815630328    0    0    0    0    0    0    0    
398    19.627513289212843    0    0    0    0    0    0    0    
399    21.61917693574919    0    0    0    0    0    0    0    
400    20.267641275819177    0    0    0    0    0    0    0    
401    20.119707073612485    0    0    0    0    0    0    0    
402    20.00429468704424    0    0    0    0    0    0    0    
403    19.091239246505697    0    0    0    0    0    0    0    
404    18.715249728408192    0    0    0    0    0    0    0    
405    19.948739873663495    0    0    0    0    0    0    0    
406    20.11542831966011    0    0    0    0    0    0    0    
407    19.87744892754062    0    0    0    0    0    0    0    
408    20.724564182853268    0    0    0    0    0    0    0    
409    19.20460764320286    0    0    0    0    0    0    0    
410    20.84735625213091    0    0    0    0    0    0    0    
411    19.74452654598413    0    0    0    0    0    0    0    
412    19.116125808044426    0    0    0    0    0    0    0    
413    20.77888647159549    0    0    0    0    0    0    0    
414    19.872900433619552    0    0    0    0    0    0    0    
415    20.307772506218978    0    0    0    0    0    0    0    
416    20.963634697363496    0    0    0    0    0    0    0    
417    20.560086921086175    0    0    0    0    0    0    0    
418    19.123927948341912    0    0    0    0    0    0    0    
419    20.25213767122082    0    0    0    0    0    0    0    
420    19.763078084745523    0    0    0    0    0    0    0    
421    19.267511092682586    0    0    0    0    0    0    0    
422    19.700873000139367    0    0    0    0    0    0    0    
423    18.524045351338824    0    0    0    0    0    0    0    
424    19.76235952720441    0    0    0    0    0    0    0    
425    19.864966682954126    0    0    0    0    0    0    0    
426    21.04705415814823    0    0    0    0    0    0    0    
427    19.846899988989325    0    0    0    0    0    0    0    
428    20.35312456069456    0    0    0    0    0    0    0    
429    19.9668680638838    0    0    0    0    0    0    0    
430    19.23706205248404    0    0    0    0    0    0    0    
431    20.992292338861994    0    0    0    0    0    0    0    
432    19.327896767758446    0    0    0    0    0    0    0    
433    19.667962957279777    0    0    0    0    0    0    0    
434    19.36942945780782    0    0    0    0    0    0    0    
435    19.44788150310617    0    0    0    0    0    0    0    
436    19.882634605553392    0    0    0    0    0    0    0    
437    19.803165986371255    0    0    0    0    0    0    0    
438    19.464262955425465    0    0    0    0    0    0    0    
439    20.496727030378853    0    0    0    0    0    0    0    
440    20.52811438890674    0    0    0    0    0    0    0    
441    18.970107446042782    0    0    0    0    0    0    0    
442    17.830241080302002    0    0    0    0    0    0    0    
443    18.196816956007705    0    0    0    0    0    0    0    
444    19.425295415772162    0    0    0    0    0    0    0    
445    20.149308776556875    0    0    0    0    0    0    0    
446    20.649090116558835    0    0    0    0    0    0    0    
447    19.181854672797268    0    0    0    0    0    0    0    
448    19.20611908693535    0    0    0    0    0    0    0    
449    20.579707984731918    0    0    0    0    0    0    0    
450    19.956326429176077    0    0    0    0    0    0    0    
451    20.45647202249433    0    0    0    0    0    0    0    
452    20.497827361175826    0    0    0    0    0    0    0    
453    19.528820950351488    0    0    0    0    0    0    0    
454    20.550839037003783    0    0    0    0    0    0    0    
455    20.09414948706255    0    0    0    0    0    0    0    
456    19.667503685412456    0    0    0    0    0    0    0    
457    19.90826169983264    0    0    0    0    0    0    0    
458    20.811088849061978    0    0    0    0    0    0    0    
459    19.262493973122606    0    0    0    0    0    0    0    
460    21.22254153853716    0    0    0    0    0    0    0    
461    20.264507142559356    0    0    0    0    0    0    0    
462    20.3596241118228    0    0    0    0    0    0    0    
463    19.18732077578078    0    0    0    0    0    0    0    
464    19.407291026098363    0    0    0    0    0    0    0    
465    21.06116828237565    0    0    0    0    0    0    0    
466    19.58776531058385    0    0    0    0    0    0    0    
467    20.541025213575082    0    0    0    0    0    0    0    
468    21.660134669010354    0    0    0    0    0    0    0    
469    18.244589332382567    0    0    0    0    0    0    0    
470    19.765923074751388    0    0    0    0    0    0    0    
471    19.123666788533942    0    0    0    0    0    0    0    
472    18.86669345063791    0    0    0    0    0    0    0    
473    20.285874106786064    0    0    0    0    0    0    0    
474    19.60978144141274    0    0    0    0    0    0    0    
475    20.828237942560175    0    0    0    0    0    0    0    
476    20.287665553493987    0    0    0    0    0    0    0    
477    19.658921280051878    0    0    0    0    0    0    0    
478    18.34103769164018    0    0    0    0    0    0    0    
479    19.97244952209387    0    0    0    0    0    0    0    
480    20.949525762829044    0    0    0    0    0    0    0    
481    20.280635997739303    0    0    0    0    0    0    0    
482    20.89765069010541    0    0    0    0    0    0    0    
483    21.166992718087922    0    0    0    0    0    0    0    
484    19.64974784162986    0    0    0    0    0    0    0    
485    20.407438340470602    0    0    0    0    0    0    0    
486    18.78166837837897    0    0    0    0    0    0    0    
487    20.562180717079915    0    0    0    0    0    0    0    
488    18.86752024992466    0    0    0    0    0    0    0    
489    19.231839487187315    0    0    0    0    0    0    0    
490    20.03968598763855    0    0    0    0    0    0    0    
491    20.277210156884127    0    0    0    0    0    0    0    
492    19.382974292171653    0    0    0    0    0    0    0    
493    18.926447877724662    0    0    0    0    0    0    0    
494    20.788138630751973    0    0    0    0    0    0    0    
495    20.83291040137188    0    0    0    0    0    0    0    
496    21.22501297388457    0    0    0    0    0    0    0    
497    21.067555448124757    0    0    0    0    0    0    0    
498    19.794675233153537    0    0    0    0    0    0    0    
499    19.121548663681246    0    0    0    0    0    0    0    
500    19.64834010325935    0    0    0    0    0    0    0    
501    20.679109145869013    0    0    0    0    0    0    0    
502    19.408704132584624    0    0    0    0    0    0    0    
503    20.945661003904853    0    0    0    0    0    0    0    
504    21.865428017440085    0    0    0    0    0    0    0    
505    20.60156016076423    0    0    0    0    0    0    0    
506    18.519546542411174    0    0    0    0    0    0    0    
507    20.379011847180813    0    0    0    0    0    0    0    
508    19.66714996447276    0    0    0    0    0    0    0    
509    19.404165991274482    0    0    0    0    0    0    0    
510    19.051412532380954    0    0    0    0    0    0    0    
511    19.917171997342905    0    0    0    0    0    0    0    
512    20.495347048377553    0    0    0    0    0    0    0    
513    19.13847326734816    0    0    0    0    0    0    0    
514    18.926535490747064    0    0    0    0    0    0    0    
515    19.8286666815944    0    0    0    0    0    0    0    
516    18.946503494661062    0    0    0    0    0    0    0    
517    20.382384792067942    0    0    0    0    0    0    0    
518    19.747292895587748    0    0    0    0    0    0    0    
519    20.792457595315437    0    0    0    0    0    0    0    
520    19.20614644959721    0    0    0    0    0    0    0    
521    19.86040466351171    0    0    0    0    0    0    0    
522    19.536520824931152    0    0    0    0    0    0    0    
523    19.52240761806726    0    0    0    0    0    0    0    
524    20.317575215113767    0    0    0    0    0    0    0    
525    20.285440096952108    0    0    0    0    0    0    0    
526    19.538817078522243    0    0    0    0    0    0    0    
527    20.601618211852816    0    0    0    0    0    0    0    
528    20.587399087779904    0    0    0    0    0    0    0    
529    20.03726939821549    0    0    0    0    0    0    0    
530    19.91479471473699    0    0    0    0    0    0    0    
531    20.83254890921659    0    0    0    0    0    0    0    
532    20.308557998599678    0    0    0    0    0    0    0    
533    18.918440110019986    0    0    0    0    0    0    0    
534    20.678709533023763    0    0    0    0    0    0    0    
535    21.886176975808244    0    0    0    0    0    0    0    
536    19.54764514412462    0    0    0    0    0    0    0    
537    18.63022520826312    0    0    0    0    0    0    0    
538    20.387181034116466    0    0    0    0    0    0    0    
539    21.07302696466737    0    0    0    0    0    0    0    
540    19.390550651329395    0    0    0    0    0    0    0    
541    19.66300876632457    0    0    0    0    0    0    0    
542    20.320261459590238    0    0    0    0    0    0    0    
543    19.220267467052278    0    0    0    0    0    0    0    
544    19.4015391369159    0    0    0    0    0    0    0    
545    19.83069886981997    0    0    0    0    0    0    0    
546    19.99285863001748    0    0    0    0    0    0    0    
547    19.552137795585253    0    0    0    0    0    0    0    
548    20.47180795005153    0    0    0    0    0    0    0    
549    19.260157573907183    0    0    0    0    0    0    0    
550    20.64044490677162    0    0    0    0    0    0    0    
551    19.742240536963923    0    0    0    0    0    0    0    
552    18.861515122510635    0    0    0    0    0    0    0    
553    19.51153919527223    0    0    0    0    0    0    0    
554    18.776809576176827    0    0    0    0    0    0    0    
555    21.013683572552225    0    0    0    0    0    0    0    
556    20.13369977382455    0    0    0    0    0    0    0    
557    19.507308030870778    0    0    0    0    0    0    0    
558    19.70165687116487    0    0    0    0    0    0    0    
559    20.261641021363882    0    0    0    0    0    0    0    
560    21.211626907376033    0    0    0    0    0    0    0    
561    19.807889514978445    0    0    0    0    0    0    0    
562    21.079232568628864    0    0    0    0    0    0    0    
563    18.233259060908722    0    0    0    0    0    0    0    
564    19.13107164332777    0    0    0    0    0    0    0    
565    18.530098577607216    0    0    0    0    0    0    0    
566    19.41771221656795    0    0    0    0    0    0    0    
567    18.545498529260414    0    0    0    0    0    0    0    
568    19.89917190043376    0    0    0    0    0    0    0    
569    20.103741613655018    0    0    0    0    0    0    0    
570    21.42284242029519    0    0    0    0    0    0    0    
571    19.011330063420804    0    0    0    0    0    0    0    
572    19.99486730509132    0    0    0    0    0    0    0    
573    20.599791998102685    0    0    0    0    0    0    0    
574    19.770839602689414    0    0    0    0    0    0    0    
575    19.535884408357    0    0    0    0    0    0    0    
576    20.0492603542202    0    0    0    0    0    0    0    
577    19.72819312262103    0    0    0    0    0    0    0    
578    19.02395446327876    0    0    0    0    0    0    0    
579    20.271081647455784    0    0    0    0    0    0    0    
580    20.66573310774956    0    0    0    0    0    0    0    
581    19.87938025954124    0    0    0    0    0    0    0    
582    21.089106674871203    0    0    0    0    0    0    0    
583    19.958964881355083    0    0    0    0    0    0    0    
584    19.92609350059576    0    0    0    0    0    0    0    
585    20.281883931856843    0    0    0    0    0    0    0    
586    21.020223949860906    0    0    0    0    0    0    0    
587    20.316929770334784    0    0    0    0    0    0    0    
588    20.435854366169934    0    0    0    0    0    0    0    
589    20.166667828781865    0    0    0    0    0    0    0    
590    20.339718084843234    0    0    0    0    0    0    0    
591    18.420714438930716    0    0    0    0    0    0    0    
592    19.832862444621405    0    0    0    0    0    0    0    
593    19.014213275319488    0    0    0    0    0    0    0    
594    20.783534295231345    0    0    0    0    0    0    0    
595    19.52163136913258    0    0    0    0    0    0    0    
596    20.9631627530801    0    0    0    0    0    0    0    
597    19.956073155160922    0    0    0    0    0    0    0    
598    19.67353786183562    0    0    0    0    0    0    0    
599    19.934458617976517    0    0    0    0    0    0    0    
600    18.98780445110012    0    0    0    0    0    0    0    
601    19.74590864982075    0    0    0    0    0    0    0    
602    20.807510140786505    0    0    0    0    0    0    0    
603    20.32662559181294    0    0    0    0    0    0    0    
604    19.312050927498923    0    0    0    0    0    0    0    
605    19.886241590282992    0    0    0    0    0    0    0    
606    20.173425177820295    0    0    0    0    0    0    0    
607    21.030884180274562    0    0    0    0    0    0    0    
608    19.195862027426386    0    0    0    0    0    0    0    
609    21.459544813489252    0    0    0    0    0    0    0    
610    18.929850671496954    0    0    0    0    0    0    0    
611    19.506918614217774    0    0    0    0    0    0    0    
612    20.81612462773109    0    0    0    0    0    0    0    
613    18.75436700257319    0    0    0    0    0    0    0    
614    20.270805643714386    0    0    0    0    0    0    0    
615    19.830351463387615    0    0    0    0    0    0    0    
616    20.092491733853382    0    0    0    0    0    0    0    
617    20.031974251891825    0    0    0    0    0    0    0    
618    19.573980993733826    0    0    0    0    0    0    0    
619    20.814351363709186    0    0    0    0    0    0    0    
620    20.59685292950172    0    0    0    0    0    0    0    
621    20.507260833199506    0    0    0    0    0    0    0    
622    21.010894575626086    0    0    0    0    0    0    0    
623    18.90470976320584    0    0    0    0    0    0    0    
624    19.874955537504086    0    0    0    0    0    0    0    
625    19.488198826725107    0    0    0    0    0    0    0    
626    20.20164400586282    0    0    0    0    0    0    0    
627    20.111522162794113    0    0    0    0    0    0    0    
628    20.899649246563342    0    0    0    0    0    0    0    
629    19.326895183387656    0    0    0    0    0    0    0    
630    20.99990278536114    0    0    0    0    0    0    0    
631    18.803876940909824    0    0    0    0    0    0    0    
632    20.38614827325049    0    0    0    0    0    0    0    
633    20.056018567071998    0    0    0    0    0    0    0    
634    19.272662524860355    0    0    0    0    0    0    0    
635    18.327747229115673    0    0    0    0    0    0    0    
636    19.086693057531985    0    0    0    0    0    0    0    
637    20.976757576539775    0    0    0    0    0    0    0    
638    19.1208604612822    0    0    0    0    0    0    0    
639    19.30373770770871    0    0    0    0    0    0    0    
640    19.85384941236202    0    0    0    0    0    0    0    
641    20.619800959591046    0    0    0    0    0    0    0    
642    19.206090030615638    0    0    0    0    0    0    0    
643    19.63200706469335    0    0    0    0    0    0    0    
644    20.316950893924844    0    0    0    0    0    0    0    
645    21.63578423401743    0    0    0    0    0    0    0    
646    22.047988569268412    0    0    0    0    0    0    0    
647    19.77959054020521    0    0    0    0    0    0    0    
648    19.54814526420996    0    0    0    0    0    0    0    
649    19.557165341470245    0    0    0    0    0    0    0    
650    21.317286283252614    0    0    0    0    0    0    0    
651    18.77962704525291    0    0    0    0    0    0    0    
652    20.0822418844611    0    0    0    0    0    0    0    
653    20.573803651233348    0    0    0    0    0    0    0    
654    19.81496215924264    0    0    0    0    0    0    0    
655    20.457911866743224    0    0    0    0    0    0    0    
656    19.9880043486526    0    0    0    0    0    0    0    
657    20.832478306767033    0    0    0    0    0    0    0    
658    19.11626354943866    0    0    0    0    0    0    0    
659    19.900487743026353    0    0    0    0    0    0    0    