! OpenFAST Deterministic Wind File
#
# Comment lines begin with "!" or "#" or "%", then the data lines must contain the following columns:
#
# If there are only 8 columns, upflow is assumed to be 0.
#
# Parameters are interpolated linearly between time steps; using nearest neighbor before the first time 
# listed in this file and after the last time listed in the file. 
#
! Time     Wind    Wind    Vertical    Horiz.      Pwr.Law     Lin.Vert.   Gust     Upflow
!          Speed   Dir     Speed       Shear       Vert.Shr    Shear       Speed    Angle 
! (sec)    (m/s)   (Deg)   (m/s)                                            (m/s)   (deg)
0    20.799126573554744    0    0    0    0    0    0    0    
1    20.78349285008415    0    0    0    0    0    0    0    
2    20.81526219277828    0    0    0    0    0    0    0    
3    20.005638622086405    0    0    0    0    0    0    0    
4    22.00772191691857    0    0    0    0    0    0    0    
5    20.631924516086954    0    0    0    0    0    0    0    
6    20.200734306918562    0    0    0    0    0    0    0    
7    21.233311620255105    0    0    0    0    0    0    0    
8    20.17147191818527    0    0    0    0    0    0    0    
9    20.935634839297556    0    0    0    0    0    0    0    
10    20.506675599899417    0    0    0    0    0    0    0    
11    19.983838798872032    0    0    0    0    0    0    0    
12    20.860066034799186    0    0    0    0    0    0    0    
13    20.775164271890752    0    0    0    0    0    0    0    
14    21.20752404500247    0    0    0    0    0    0    0    
15    20.705984905365913    0    0    0    0    0    0    0    
16    20.068576589961033    0    0    0    0    0    0    0    
17    20.578941302371312    0    0    0    0    0    0    0    
18    21.907924607343865    0    0    0    0    0    0    0    
19    21.19137664265562    0    0    0    0    0    0    0    
20    20.402743658928525    0    0    0    0    0    0    0    
21    19.959253708277757    0    0    0    0    0    0    0    
22    21.07090421405985    0    0    0    0    0    0    0    
23    21.181940990453963    0    0    0    0    0    0    0    
24    20.589305264036835    0    0    0    0    0    0    0    
25    21.695623310255552    0    0    0    0    0    0    0    
26    20.04658439637976    0    0    0    0    0    0    0    
27    20.094196218296915    0    0    0    0    0    0    0    
28    19.60954330818705    0    0    0    0    0    0    0    
29    22.03907456718778    0    0    0    0    0    0    0    
30    20.42563277766628    0    0    0    0    0    0    0    
31    20.56787306261459    0    0    0    0    0    0    0    
32    21.140527087361853    0    0    0    0    0    0    0    
33    22.344529669001183    0    0    0    0    0    0    0    
34    19.68601912231798    0    0    0    0    0    0    0    
35    21.80177779537481    0    0    0    0    0    0    0    
36    20.782294024883576    0    0    0    0    0    0    0    
37    21.90720282098541    0    0    0    0    0    0    0    
38    21.168929504420714    0    0    0    0    0    0    0    
39    20.224702789705628    0    0    0    0    0    0    0    
40    21.522920721650323    0    0    0    0    0    0    0    
41    19.78836408772593    0    0    0    0    0    0    0    
42    20.266244000150554    0    0    0    0    0    0    0    
43    19.754211916672066    0    0    0    0    0    0    0    
44    20.7447160059876    0    0    0    0    0    0    0    
45    20.897566253258866    0    0    0    0    0    0    0    
46    20.79435263183604    0    0    0    0    0    0    0    
47    20.725287738366344    0    0    0    0    0    0    0    
48    20.863976105676738    0    0    0    0    0    0    0    
49    20.843192908101287    0    0    0    0    0    0    0    
50    20.784040142599935    0    0    0    0    0    0    0    
51    20.18085030072807    0    0    0    0    0    0    0    
52    20.57500920081549    0    0    0    0    0    0    0    
53    20.24603564010298    0    0    0    0    0    0    0    
54    20.806403343882142    0    0    0    0    0    0    0    
55    20.947983775019875    0    0    0    0    0    0    0    
56    20.747242705441533    0    0    0    0    0    0    0    
57    21.22629034729941    0    0    0    0    0    0    0    
58    20.110360009113318    0    0    0    0    0    0    0    
59    20.611125772520932    0    0    0    0    0    0    0    
60    20.979471926600038    0    0    0    0    0    0    0    
61    20.065340308901508    0    0    0    0    0    0    0    
62    20.361653077474163    0    0    0    0    0    0    0    
63    21.027300253540957    0    0    0    0    0    0    0    
64    19.800875951372145    0    0    0    0    0    0    0    
65    20.602225392128947    0    0    0    0    0    0    0    
66    21.484671196855572    0    0    0    0    0    0    0    
67    20.058618473980214    0    0    0    0    0    0    0    
68    20.74526265641596    0    0    0    0    0    0    0    
69    19.59713077236563    0    0    0    0    0    0    0    
70    22.69503687706065    0    0    0    0    0    0    0    
71    22.391312188894382    0    0    0    0    0    0    0    
72    21.06076136845714    0    0    0    0    0    0    0    
73    20.269680070773145    0    0    0    0    0    0    0    
74    20.762470438591432    0    0    0    0    0    0    0    
75    21.247121669909575    0    0    0    0    0    0    0    
76    19.587607202489966    0    0    0    0    0    0    0    
77    20.440585190593573    0    0    0    0    0    0    0    
78    20.414050787085962    0    0    0    0    0    0    0    
79    21.379590711374796    0    0    0    0    0    0    0    
80    20.862380478475558    0    0    0    0    0    0    0    
81    20.46437077104842    0    0    0    0    0    0    0    
82    20.539241802516997    0    0    0    0    0    0    0    
83    19.662268975234078    0    0    0    0    0    0    0    
84    20.279347195062115    0    0    0    0    0    0    0    
85    20.778442603887132    0    0    0    0    0    0    0    
86    20.41463891145741    0    0    0    0    0    0    0    
87    20.780882542910337    0    0    0    0    0    0    0    
88    19.992997599585102    0    0    0    0    0    0    0    
89    21.924768537102057    0    0    0    0    0    0    0    
90    20.242077921326974    0    0    0    0    0    0    0    
91    21.49933236494798    0    0    0    0    0    0    0    
92    20.585498708840866    0    0    0    0    0    0    0    
93    20.745886112404232    0    0    0    0    0    0    0    
94    20.07725522216505    0    0    0    0    0    0    0    
95    20.379779695892957    0    0    0    0    0    0    0    
96    21.467335460023783    0    0    0    0    0    0    0    
97    20.65850290894495    0    0    0    0    0    0    0    
98    20.896070841509815    0    0    0    0    0    0    0    
99    21.893488492939106    0    0    0    0    0    0    0    
100    21.32638778071735    0    0    0    0    0    0    0    
101    20.694390548065314    0    0    0    0    0    0    0    
102    21.057618160564807    0    0    0    0    0    0    0    
103    20.638276254561617    0    0    0    0    0    0    0    
104    20.414717763394588    0    0    0    0    0    0    0    
105    20.02272788848608    0    0    0    0    0    0    0    
106    19.69991971003019    0    0    0    0    0    0    0    
107    19.631988620430022    0    0    0    0    0    0    0    
108    20.311573766262896    0    0    0    0    0    0    0    
109    22.028523875661282    0    0    0    0    0    0    0    
110    20.84928495075969    0    0    0    0    0    0    0    
111    20.648353037175593    0    0    0    0    0    0    0    
112    21.931082320576138    0    0    0    0    0    0    0    
113    19.736822789274772    0    0    0    0    0    0    0    
114    18.61581197751088    0    0    0    0    0    0    0    
115    20.479767837508433    0    0    0    0    0    0    0    
116    20.358326905626207    0    0    0    0    0    0    0    
117    19.80390893184732    0    0    0    0    0    0    0    
118    19.614477976417223    0    0    0    0    0    0    0    
119    21.490354863957307    0    0    0    0    0    0    0    
120    20.62306083470077    0    0    0    0    0    0    0    
121    19.718798089517456    0    0    0    0    0    0    0    
122    21.9259764917483    0    0    0    0    0    0    0    
123    20.81493396568346    0    0    0    0    0    0    0    
124    20.350448311624035    0    0    0    0    0    0    0    
125    19.861148038942634    0    0    0    0    0    0    0    
126    18.675221202799083    0    0    0    0    0    0    0    
127    20.27043318390402    0    0    0    0    0    0    0    
128    21.855601647971998    0    0    0    0    0    0    0    
129    21.168001334309132    0    0    0    0    0    0    0    
130    20.732467221156544    0    0    0    0    0    0    0    
131    20.076843478856908    0    0    0    0    0    0    0    
132    20.89116260641152    0    0    0    0    0    0    0    
133    19.420910216553466    0    0    0    0    0    0    0    
134    21.12045327134837    0    0    0    0    0    0    0    
135    21.38347375822627    0    0    0    0    0    0    0    
136    19.68445644858973    0    0    0    0    0    0    0    
137    19.77118640513852    0    0    0    0    0    0    0    
138    20.874451592121456    0    0    0    0    0    0    0    
139    20.771154048248665    0    0    0    0    0    0    0    
140    21.920647681049324    0    0    0    0    0    0    0    
141    20.032470500339098    0    0    0    0    0    0    0    
142    18.766867643287114    0    0    0    0    0    0    0    
143    19.300679555741475    0    0    0    0    0    0    0    
144    20.622482467633837    0    0    0    0    0    0    0    
145    20.79435475599712    0    0    0    0    0    0    0    
146    20.730647143529964    0    0    0    0    0    0    0    
147    19.755980760936733    0    0    0    0    0    0    0    
148    21.16129627733108    0    0    0    0    0    0    0    
149    22.15271331729377    0    0    0    0    0    0    0    
150    20.196411158428383    0    0    0    0    0    0    0    
151    20.576032840617614    0    0    0    0    0    0    0    
152    19.76144203168242    0    0    0    0    0    0    0    
153    21.24941412743104    0    0    0    0    0    0    0    
154    20.931132212784387    0    0    0    0    0    0    0    
155    21.09351538217888    0    0    0    0    0    0    0    
156    20.869498247163527    0    0    0    0    0    0    0    
157    21.12172112275746    0    0    0    0    0    0    0    
158    20.66002462570278    0    0    0    0    0    0    0    
159    20.861820272603417    0    0    0    0    0    0    0    
160    19.669370593498467    0    0    0    0    0    0    0    
161    20.506088401996507    0    0    0    0    0    0    0    
162    20.958308878890993    0    0    0    0    0    0    0    
163    20.716085059531444    0    0    0    0    0    0    0    
164    21.5929054066275    0    0    0    0    0    0    0    
165    20.25131094758247    0    0    0    0    0    0    0    
166    21.107633360517625    0    0    0    0    0    0    0    
167    20.02756988273612    0    0    0    0    0    0    0    
168    20.788977707316835    0    0    0    0    0    0    0    
169    20.839452724976073    0    0    0    0    0    0    0    
170    22.352420175635864    0    0    0    0    0    0    0    
171    21.377223661780754    0    0    0    0    0    0    0    
172    21.185652049120772    0    0    0    0    0    0    0    
173    19.270655216382472    0    0    0    0    0    0    0    
174    21.13696075899825    0    0    0    0    0    0    0    
175    22.262851778804084    0    0    0    0    0    0    0    
176    20.823341935742768    0    0    0    0    0    0    0    
177    19.706205603147396    0    0    0    0    0    0    0    
178    21.9481020992097    0    0    0    0    0    0    0    
179    20.943165952470167    0    0    0    0    0    0    0    
180    20.571667636841415    0    0    0    0    0    0    0    
181    20.301644627965924    0    0    0    0    0    0    0    
182    21.220901315542825    0    0    0    0    0    0    0    
183    19.407986120525717    0    0    0    0    0    0    0    
184    21.644764444002643    0    0    0    0    0    0    0    
185    20.797480255253088    0    0    0    0    0    0    0    
186    20.321464628742245    0    0    0    0    0    0    0    
187    20.644562915385286    0    0    0    0    0    0    0    
188    20.02190557100476    0    0    0    0    0    0    0    
189    21.028153368444002    0    0    0    0    0    0    0    
190    20.147662841013474    0    0    0    0    0    0    0    
191    20.440926689227982    0    0    0    0    0    0    0    
192    21.78968954115647    0    0    0    0    0    0    0    
193    21.78317830423287    0    0    0    0    0    0    0    
194    21.425142374634756    0    0    0    0    0    0    0    
195    21.837733437941214    0    0    0    0    0    0    0    
196    21.691081709707607    0    0    0    0    0    0    0    
197    20.677417075096574    0    0    0    0    0    0    0    
198    20.46438002524218    0    0    0    0    0    0    0    
199    21.203674083068343    0    0    0    0    0    0    0    
200    22.26121391642129    0    0    0    0    0    0    0    
201    20.759902840322038    0    0    0    0    0    0    0    
202    20.828848882794183    0    0    0    0    0    0    0    
203    22.776035906256823    0    0    0    0    0    0    0    
204    18.85177244129878    0    0    0    0    0    0    0    
205    19.320316410794813    0    0    0    0    0    0    0    
206    21.340487540903784    0    0    0    0    0    0    0    
207    19.87590249269993    0    0    0    0    0    0    0    
208    20.295217526818195    0    0    0    0    0    0    0    
209    21.207944167561102    0    0    0    0    0    0    0    
210    18.722880859203876    0    0    0    0    0    0    0    
211    20.1876551181863    0    0    0    0    0    0    0    
212    19.595150564543403    0    0    0    0    0    0    0    
213    21.294313185089063    0    0    0    0    0    0    0    
214    21.913711868431466    0    0    0    0    0    0    0    
215    20.862757159830565    0    0    0    0    0    0    0    
216    21.358613805667414    0    0    0    0    0    0    0    
217    21.067629841396318    0    0    0    0    0    0    0    
218    20.61148932622169    0    0    0    0    0    0    0    
219    22.32477767779376    0    0    0    0    0    0    0    
220    22.104021173856506    0    0    0    0    0    0    0    
221    21.22071061466512    0    0    0    0    0    0    0    
222    18.97454720171321    0    0    0    0    0    0    0    
223    19.85115879061741    0    0    0    0    0    0    0    
224    21.284609139880732    0    0    0    0    0    0    0    
225    21.065728600562764    0    0    0    0    0    0    0    
226    20.797883753481983    0    0    0    0    0    0    0    
227    20.409997842365023    0    0    0    0    0    0    0    
228    20.825218984391558    0    0    0    0    0    0    0    
229    19.330593895882004    0    0    0    0    0    0    0    
230    21.145339122691883    0    0    0    0    0    0    0    
231    20.876906358947203    0    0    0    0    0    0    0    
232    20.982544043840875    0    0    0    0    0    0    0    
233    20.75452746266825    0    0    0    0    0    0    0    
234    20.09205527733245    0    0    0    0    0    0    0    
235    21.126050245006148    0    0    0    0    0    0    0    
236    21.06156669674578    0    0    0    0    0    0    0    
237    20.48139456203912    0    0    0    0    0    0    0    
238    20.591719752125403    0    0    0    0    0    0    0    
239    22.988627543077804    0    0    0    0    0    0    0    
240    19.511150345611604    0    0    0    0    0    0    0    
241    21.400898850012624    0    0    0    0    0    0    0    
242    21.656424944312167    0    0    0    0    0    0    0    
243    19.905618235353224    0    0    0    0    0    0    0    
244    20.212356764452995    0    0    0    0    0    0    0    
245    22.084039760779085    0    0    0    0    0    0    0    
246    20.670870510458357    0    0    0    0    0    0    0    
247    20.091845816518827    0    0    0    0    0    0    0    
248    19.98978035901858    0    0    0    0    0    0    0    
249    21.201518167253013    0    0    0    0    0    0    0    
250    20.701368672024106    0    0    0    0    0    0    0    
251    21.2102495605627    0    0    0    0    0    0    0    
252    20.844876648566892    0    0    0    0    0    0    0    
253    19.95460194126533    0    0    0    0    0    0    0    
254    20.365558994529138    0    0    0    0    0    0    0    
255    19.739381616097855    0    0    0    0    0    0    0    
256    21.177202264572202    0    0    0    0    0    0    0    
257    21.74270655939641    0    0    0    0    0    0    0    
258    21.597684584466712    0    0    0    0    0    0    0    
259    21.990312313805664    0    0    0    0    0    0    0    
260    21.247109523292472    0    0    0    0    0    0    0    
261    19.75025002861715    0    0    0    0    0    0    0    
262    21.596071084638623    0    0    0    0    0    0    0    
263    20.279533360060288    0    0    0    0    0    0    0    
264    22.62196075833424    0    0    0    0    0    0    0    
265    20.73925690882948    0    0    0    0    0    0    0    
266    20.77502808828428    0    0    0    0    0    0    0    
267    20.35752910871529    0    0    0    0    0    0    0    
268    21.14674869446131    0    0    0    0    0    0    0    
269    21.012536580570533    0    0    0    0    0    0    0    
270    20.249994414787025    0    0    0    0    0    0    0    
271    20.375236621549796    0    0    0    0    0    0    0    
272    21.022243338919093    0    0    0    0    0    0    0    
273    20.53485671972313    0    0    0    0    0    0    0    
274    21.971438157668583    0    0    0    0    0    0    0    
275    20.800730623184112    0    0    0    0    0    0    0    
276    22.045606129904936    0    0    0    0    0    0    0    
277    21.009292300926532    0    0    0    0    0    0    0    
278    20.248198766954662    0    0    0    0    0    0    0    
279    21.08145071059282    0    0    0    0    0    0    0    
280    20.38628117484051    0    0    0    0    0    0    0    
281    18.920583383068447    0    0    0    0    0    0    0    
282    20.758917781159134    0    0    0    0    0    0    0    
283    20.154146235144513    0    0    0    0    0    0    0    
284    20.83182753602093    0    0    0    0    0    0    0    
285    20.472501372990454    0    0    0    0    0    0    0    
286    20.01466350413866    0    0    0    0    0    0    0    
287    18.979297924291362    0    0    0    0    0    0    0    
288    21.197825192606867    0    0    0    0    0    0    0    
289    21.553557696341983    0    0    0    0    0    0    0    
290    19.628379479129734    0    0    0    0    0    0    0    
291    20.997428113006233    0    0    0    0    0    0    0    
292    21.212131630699208    0    0    0    0    0    0    0    
293    20.993557348739554    0    0    0    0    0    0    0    
294    21.492979531249297    0    0    0    0    0    0    0    
295    21.185302225553432    0    0    0    0    0    0    0    
296    21.285909229705762    0    0    0    0    0    0    0    
297    20.940857815350903    0    0    0    0    0    0    0    
298    20.362868437152578    0    0    0    0    0    0    0    
299    21.582039796572293    0    0    0    0    0    0    0    
300    21.131547107246014    0    0    0    0    0    0    0    
301    19.9133745938629    0    0    0    0    0    0    0    
302    21.99048189530568    0    0    0    0    0    0    0    
303    20.294736111716894    0    0    0    0    0    0    0    
304    21.082583389726874    0    0    0    0    0    0    0    
305    21.453779244157626    0    0    0    0    0    0    0    
306    20.89233238507807    0    0    0    0    0    0    0    
307    20.205789907828844    0    0    0    0    0    0    0    
308    21.141675119331598    0    0    0    0    0    0    0    
309    21.620319333466945    0    0    0    0    0    0    0    
310    20.789164141155045    0    0    0    0    0    0    0    
311    20.961005015855804    0    0    0    0    0    0    0    
312    21.253068318216098    0    0    0    0    0    0    0    
313    19.704054720539112    0    0    0    0    0    0    0    
314    21.36052622549152    0    0    0    0    0    0    0    
315    19.588949779585683    0    0    0    0    0    0    0    
316    21.172209491770285    0    0    0    0    0    0    0    
317    20.34247314987136    0    0    0    0    0    0    0    
318    19.769601923388336    0    0    0    0    0    0    0    
319    21.651991561967165    0    0    0    0    0    0    0    
320    19.507932321152353    0    0    0    0    0    0    0    
321    20.484389088470913    0    0    0    0    0    0    0    
322    20.03777800477227    0    0    0    0    0    0    0    
323    20.84848683339391    0    0    0    0    0    0    0    
324    21.20069648868636    0    0    0    0    0    0    0    
325    21.08609997924031    0    0    0    0    0    0    0    
326    20.878376524966622    0    0    0    0    0    0    0    
327    21.03243143891553    0    0    0    0    0    0    0    
328    20.556158194847452    0    0    0    0    0    0    0    
329    21.178503178426286    0    0    0    0    0    0    0    
330    20.584716794008386    0    0    0    0    0    0    0    
331    20.118501685483483    0    0    0    0    0    0    0    
332    21.075977147047833    0    0    0    0    0    0    0    
333    19.645056365666072    0    0    0    0    0    0    0    
334    20.838378184854303    0    0    0    0    0    0    0    
335    21.190688675981885    0    0    0    0    0    0    0    
336    19.871791029767742    0    0    0    0    0    0    0    
337    20.49433959631485    0    0    0    0    0    0    0    
338    20.563992106574137    0    0    0    0    0    0    0    
339    21.15932490939454    0    0    0    0    0    0    0    
340    21.110250401542146    0    0    0    0    0    0    0    
341    20.11421009341976    0    0    0    0    0    0    0    
342    19.952889430675725    0    0    0    0    0    0    0    
343    21.82166912124011    0    0    0    0    0    0    0    
344    21.583229169208355    0    0    0    0    0    0    0    
345    20.365943156375153    0    0    0    0    0    0    0    
346    19.998515840061096    0    0    0    0    0    0    0    
347    21.705715195213738    0    0    0    0    0    0    0    
348    21.828341349264637    0    0    0    0    0    0    0    
349    21.234869379392595    0    0    0    0    0    0    0    
350    20.510547835802047    0    0    0    0    0    0    0    
351    20.652069893912426    0    0    0    0    0    0    0    
352    22.006903082009764    0    0    0    0    0    0    0    
353    19.80734501940544    0    0    0    0    0    0    0    
354    20.82120069228839    0    0    0    0    0    0    0    
355    20.2489059713448    0    0    0    0    0    0    0    
356    20.650379313174106    0    0    0    0    0    0    0    
357    19.95162274784703    0    0    0    0    0    0    0    
358    22.548926298857477    0    0    0    0    0    0    0    
359    21.392315855175106    0    0    0    0    0    0    0    
360    20.88272285222538    0    0    0    0    0    0    0    
361    21.780567839979685    0    0    0    0    0    0    0    
362    20.975514955969523    0    0    0    0    0    0    0    
363    21.72609953653471    0    0    0    0    0    0    0    
364    20.777279533349212    0    0    0    0    0    0    0    
365    21.25664286909846    0    0    0    0    0    0    0    
366    19.45714860599063    0    0    0    0    0    0    0    
367    20.35595149730324    0    0    0    0    0    0    0    
368    20.591327915209398    0    0    0    0    0    0    0    
369    20.722327893495113    0    0    0    0    0    0    0    
370    19.133665413035846    0    0    0    0    0    0    0    
371    19.17339603973627    0    0    0    0    0    0    0    
372    19.590112084641426    0    0    0    0    0    0    0    
373    20.794688704076627    0    0    0    0    0    0    0    
374    20.550850576040688    0    0    0    0    0    0    0    
375    20.69170843456718    0    0    0    0    0    0    0    
376    20.103574834483627    0    0    0    0    0    0    0    
377    20.17842594110943    0    0    0    0    0    0    0    
378    22.3260447710477    0    0    0    0    0    0    0    
379    21.340167777481955    0    0    0    0    0    0    0    
380    20.437372024912186    0    0    0    0    0    0    0    
381    20.02083478009223    0    0    0    0    0    0    0    
382    20.222075642987292    0    0    0    0    0    0    0    
383    20.01364979328822    0    0    0    0    0    0    0    
384    20.444100831592927    0    0    0    0    0    0    0    
385    20.4388736308842    0    0    0    0    0    0    0    
386    19.69664387219962    0    0    0    0    0    0    0    
387    20.242704549318308    0    0    0    0    0    0    0    
388    20.82867621495998    0    0    0    0    0    0    0    
389    20.869728084659044    0    0    0    0    0    0    0    
390    21.299983917220604    0    0    0    0    0    0    0    
391    20.55959729896831    0    0    0    0    0    0    0    
392    21.35271626359512    0    0    0    0    0    0    0    
393    21.165039879720677    0    0    0    0    0    0    0    
394    19.670383577613972    0    0    0    0    0    0    0    
395    20.329031600364473    0    0    0    0    0    0    0    
396    19.385872480679115    0    0    0    0    0    0    0    
397    21.037972828254297    0    0    0    0    0    0    0    
398    20.06954031511943    0    0    0    0    0    0    0    
399    23.13206434591837    0    0    0    0    0    0    0    
400    21.56218890029623    0    0    0    0    0    0    0    
401    20.89990692472096    0    0    0    0    0    0    0    
402    20.213434645036198    0    0    0    0    0    0    0    
403    22.03451052270508    0    0    0    0    0    0    0    
404    21.902719276440507    0    0    0    0    0    0    0    
405    20.617407166889944    0    0    0    0    0    0    0    
406    20.29589433740302    0    0    0    0    0    0    0    
407    21.12377184293342    0    0    0    0    0    0    0    
408    21.934973125515988    0    0    0    0    0    0    0    
409    21.397576308898984    0    0    0    0    0    0    0    
410    21.654417038047843    0    0    0    0    0    0    0    
411    22.63447789121637    0    0    0    0    0    0    0    
412    21.020225413582672    0    0    0    0    0    0    0    
413    19.520501732829775    0    0    0    0    0    0    0    
414    20.907734769157162    0    0    0    0    0    0    0    
415    22.114628606436586    0    0    0    0    0    0    0    
416    21.073284130518307    0    0    0    0    0    0    0    
417    20.539774823505113    0    0    0    0    0    0    0    
418    20.736298344371416    0    0    0    0    0    0    0    
419    19.77323781378311    0    0    0    0    0    0    0    
420    20.94257381964945    0    0    0    0    0    0    0    
421    19.510724964614802    0    0    0    0    0    0    0    
422    21.56802208088506    0    0    0    0    0    0    0    
423    20.61381638021599    0    0    0    0    0    0    0    
424    22.110495870023286    0    0    0    0    0    0    0    
425    19.614394260958058    0    0    0    0    0    0    0    
426    20.03739339282995    0    0    0    0    0    0    0    
427    18.987137488660895    0    0    0    0    0    0    0    
428    20.873450281907076    0    0    0    0    0    0    0    
429    20.815018731546875    0    0    0    0    0    0    0    
430    20.45965116400277    0    0    0    0    0    0    0    
431    21.307528756737838    0    0    0    0    0    0    0    
432    20.209527037092858    0    0    0    0    0    0    0    
433    19.682705144632806    0    0    0    0    0    0    0    
434    20.869789609903957    0    0    0    0    0    0    0    
435    21.445122732547286    0    0    0    0    0    0    0    
436    21.48506956665876    0    0    0    0    0    0    0    
437    20.651261170558637    0    0    0    0    0    0    0    
438    20.671566802833095    0    0    0    0    0    0    0    
439    20.292531715089243    0    0    0    0    0    0    0    
440    20.151376571187928    0    0    0    0    0    0    0    
441    20.488373031094408    0    0    0    0    0    0    0    
442    20.89664404405319    0    0    0    0    0    0    0    
443    19.920420546501894    0    0    0    0    0    0    0    
444    20.010926804842164    0    0    0    0    0    0    0    
445    20.44627803803755    0    0    0    0    0    0    0    
446    20.764647937337763    0    0    0    0    0    0    0    
447    19.780720539121926    0    0    0    0    0    0    0    
448    20.2753261054996    0    0    0    0    0    0    0    
449    19.85987650793215    0    0    0    0    0    0    0    
450    20.703453786802037    0    0    0    0    0    0    0    
451    19.979111782592806    0    0    0    0    0    0    0    
452    21.00543811383116    0    0    0    0    0    0    0    
453    21.016774313790183    0    0    0    0    0    0    0    
454    20.792575160869358    0    0    0    0    0    0    0    
455    20.315631788171945    0    0    0    0    0    0    0    
456    20.571295690901454    0    0    0    0    0    0    0    
457    20.93951801874221    0    0    0    0    0    0    0    
458    19.430225116264907    0    0    0    0    0    0    0    
459    20.57967646061544    0    0    0    0    0    0    0    
460    20.941878730941937    0    0    0    0    0    0    0    
461    22.49021592915515    0    0    0    0    0    0    0    
462    20.046566696800294    0    0    0    0    0    0    0    
463    20.50640287458359    0    0    0    0    0    0    0    
464    20.487179205585324    0    0    0    0    0    0    0    
465    20.791978816881066    0    0    0    0    0    0    0    
466    21.107104231456155    0    0    0    0    0    0    0    
467    20.38130685466616    0    0    0    0    0    0    0    
468    20.470895569363087    0    0    0    0    0    0    0    
469    19.949532271953526    0    0    0    0    0    0    0    
470    20.859944617481435    0    0    0    0    0    0    0    
471    20.819689173027797    0    0    0    0    0    0    0    
472    19.557527671951878    0    0    0    0    0    0    0    
473    21.00436762904855    0    0    0    0    0    0    0    
474    21.636456629207302    0    0    0    0    0    0    0    
475    20.886544381341942    0    0    0    0    0    0    0    
476    19.67064944969959    0    0    0    0    0    0    0    
477    19.365072455252438    0    0    0    0    0    0    0    
478    21.07550301878308    0    0    0    0    0    0    0    
479    21.07443684506822    0    0    0    0    0    0    0    
480    20.436998573771223    0    0    0    0    0    0    0    
481    21.22890232891161    0    0    0    0    0    0    0    
482    21.273010555262417    0    0    0    0    0    0    0    
483    20.78949289317644    0    0    0    0    0    0    0    
484    20.739741399854367    0    0    0    0    0    0    0    
485    20.99866434667593    0    0    0    0    0    0    0    
486    20.779759909429497    0    0    0    0    0    0    0    
487    21.469942023816177    0    0    0    0    0    0    0    
488    20.770711321748152    0    0    0    0    0    0    0    
489    21.685278192950804    0    0    0    0    0    0    0    
490    20.154463617988924    0    0    0    0    0    0    0    
491    21.655984062008336    0    0    0    0    0    0    0    
492    19.748826655447594    0    0    0    0    0    0    0    
493    21.65651293346606    0    0    0    0    0    0    0    
494    21.125546238304796    0    0    0    0    0    0    0    
495    20.702089117544944    0    0    0    0    0    0    0    
496    19.49450890298592    0    0    0    0    0    0    0    
497    21.26787495926844    0    0    0    0    0    0    0    
498    20.86295717888541    0    0    0    0    0    0    0    
499    20.934971546141583    0    0    0    0    0    0    0    
500    20.161860274205708    0    0    0    0    0    0    0    
501    19.990346308791175    0    0    0    0    0    0    0    
502    20.229386025172822    0    0    0    0    0    0    0    
503    19.689470713004447    0    0    0    0    0    0    0    
504    20.547649031409186    0    0    0    0    0    0    0    
505    21.011546833734574    0    0    0    0    0    0    0    
506    21.557620142555933    0    0    0    0    0    0    0    
507    19.951832474107825    0    0    0    0    0    0    0    
508    20.140603925574148    0    0    0    0    0    0    0    
509    20.514855617954648    0    0    0    0    0    0    0    
510    21.277230068576266    0    0    0    0    0    0    0    
511    20.49866120666443    0    0    0    0    0    0    0    
512    20.418214405915016    0    0    0    0    0    0    0    
513    21.952087879117297    0    0    0    0    0    0    0    
514    19.859400398029806    0    0    0    0    0    0    0    
515    20.720727144872384    0    0    0    0    0    0    0    
516    21.418083905143188    0    0    0    0    0    0    0    
517    21.32400812580559    0    0    0    0    0    0    0    
518    19.81108483621878    0    0    0    0    0    0    0    
519    21.65469196876885    0    0    0    0    0    0    0    
520    19.43235943570471    0    0    0    0    0    0    0    
521    23.240365229150722    0    0    0    0    0    0    0    
522    20.54166028387608    0    0    0    0    0    0    0    
523    20.471319086290542    0    0    0    0    0    0    0    
524    20.641856540927876    0    0    0    0    0    0    0    
525    21.2214752914668    0    0    0    0    0    0    0    
526    20.431386576943332    0    0    0    0    0    0    0    
527    19.987855394108088    0    0    0    0    0    0    0    
528    21.899947309430143    0    0    0    0    0    0    0    
529    19.66667467695873    0    0    0    0    0    0    0    
530    20.59567580008868    0    0    0    0    0    0    0    
531    20.981415485816434    0    0    0    0    0    0    0    
532    20.0918063720182    0    0    0    0    0    0    0    
533    20.140269240776455    0    0    0    0    0    0    0    
534    19.99784550804131    0    0    0    0    0    0    0    
535    21.021798259203283    0    0    0    0    0    0    0    
536    21.107919933255157    0    0    0    0    0    0    0    
537    20.81758080732567    0    0    0    0    0    0    0    
538    21.64439503747466    0    0    0    0    0    0    0    
539    21.069672255290765    0    0    0    0    0    0    0    
540    21.924508597260697    0    0    0    0    0    0    0    
541    20.423246067873777    0    0    0    0    0    0    0    
542    20.49546168810991    0    0    0    0    0    0    0    
543    20.31758609400052    0    0    0    0    0    0    0    
544    21.078315721843445    0    0    0    0    0    0    0    
545    21.587342362832352    0    0    0    0    0    0    0    
546    20.488042478894776    0    0    0    0    0    0    0    
547    20.745740490380374    0    0    0    0    0    0    0    
548    20.049481807629387    0    0    0    0    0    0    0    
549    21.871643022203983    0    0    0    0    0    0    0    
550    20.643147940441818    0    0    0    0    0    0    0    
551    20.10657477310245    0    0    0    0    0    0    0    
552    21.118316215621462    0    0    0    0    0    0    0    
553    20.90661431361031    0    0    0    0    0    0    0    
554    20.72071472254732    0    0    0    0    0    0    0    
555    20.327172967462158    0    0    0    0    0    0    0    
556    20.541271097708535    0    0    0    0    0    0    0    
557    19.286268070031408    0    0    0    0    0    0    0    
558    20.01186611967801    0    0    0    0    0    0    0    
559    21.19548656893034    0    0    0    0    0    0    0    
560    20.350008661103086    0    0    0    0    0    0    0    
561    20.199710053445155    0    0    0    0    0    0    0    
562    20.05435576579294    0    0    0    0    0    0    0    
563    21.420709692825504    0    0    0    0    0    0    0    
564    21.670876292592894    0    0    0    0    0    0    0    
565    20.580986415569935    0    0    0    0    0    0    0    
566    21.305289558948274    0    0    0    0    0    0    0    
567    20.434908488930507    0    0    0    0    0    0    0    
568    19.665499791019787    0    0    0    0    0    0    0    
569    20.318505632199663    0    0    0    0    0    0    0    
570    20.86906848957576    0    0    0    0    0    0    0    
571    21.07898855216448    0    0    0    0    0    0    0    
572    21.692193188696884    0    0    0    0    0    0    0    
573    20.028108811096875    0    0    0    0    0    0    0    
574    20.850745191543957    0    0    0    0    0    0    0    
575    20.65049923330974    0    0    0    0    0    0    0    
576    21.01750153411501    0    0    0    0    0    0    0    
577    20.254732576734046    0    0    0    0    0    0    0    
578    20.282028102969818    0    0    0    0    0    0    0    
579    19.612333748064927    0    0    0    0    0    0    0    
580    20.39278104719628    0    0    0    0    0    0    0    
581    20.90084393165593    0    0    0    0    0    0    0    
582    19.91049153876112    0    0    0    0    0    0    0    
583    19.748019726678177    0    0    0    0    0    0    0    
584    21.139437893707438    0    0    0    0    0    0    0    
585    19.394018707780877    0    0    0    0    0    0    0    
586    19.46207027554157    0    0    0    0    0    0    0    
587    22.25109176714665    0    0    0    0    0    0    0    
588    20.963502992812284    0    0    0    0    0    0    0    
589    20.083099386074295    0    0    0    0    0    0    0    
590    21.120117629334597    0    0    0    0    0    0    0    
591    20.627378629781926    0    0    0    0    0    0    0    
592    20.972027563550164    0    0    0    0    0    0    0    
593    20.556651824435598    0    0    0    0    0    0    0    
594    20.341389697736663    0    0    0    0    0    0    0    
595    20.841088426010987    0    0    0    0    0    0    0    
596    20.05966414217383    0    0    0    0    0    0    0    
597    21.029948789907472    0    0    0    0    0    0    0    
598    20.888749313032832    0    0    0    0    0    0    0    
599    21.19524558275695    0    0    0    0    0    0    0    
600    20.317501541569214    0    0    0    0    0    0    0    
601    21.906208266130108    0    0    0    0    0    0    0    
602    22.02629176667921    0    0    0    0    0    0    0    
603    20.998041130061168    0    0    0    0    0    0    0    
604    21.719203987072575    0    0    0    0    0    0    0    
605    20.88633129160917    0    0    0    0    0    0    0    
606    21.07660818760303    0    0    0    0    0    0    0    
607    21.278785394402664    0    0    0    0    0    0    0    
608    20.699780282815023    0    0    0    0    0    0    0    
609    20.89412919202744    0    0    0    0    0    0    0    
610    20.549295035413596    0    0    0    0    0    0    0    
611    21.954861119598956    0    0    0    0    0    0    0    
612    21.317780481245542    0    0    0    0    0    0    0    
613    21.63744429939898    0    0    0    0    0    0    0    
614    19.967466123268075    0    0    0    0    0    0    0    
615    21.593424182332292    0    0    0    0    0    0    0    
616    19.804504626086114    0    0    0    0    0    0    0    
617    20.49656904061542    0    0    0    0    0    0    0    
618    20.653610321321413    0    0    0    0    0    0    0    
619    19.836531413043836    0    0    0    0    0    0    0    
620    21.024134830724005    0    0    0    0    0    0    0    
621    19.150105798855638    0    0    0    0    0    0    0    
622    20.327100857319106    0    0    0    0    0    0    0    
623    19.772612315099206    0    0    0    0    0    0    0    
624    18.845765545216317    0    0    0    0    0    0    0    
625    19.447989201753067    0    0    0    0    0    0    0    
626    20.010840327859544    0    0    0    0    0    0    0    
627    21.00137574015873    0    0    0    0    0    0    0    
628    22.327008089381334    0    0    0    0    0    0    0    
629    21.181054999724477    0    0    0    0    0    0    0    
630    19.788008461940983    0    0    0    0    0    0    0    
631    20.313156629145816    0    0    0    0    0    0    0    
632    19.457718738248058    0    0    0    0    0    0    0    
633    20.397613695994696    0    0    0    0    0    0    0    
634    20.610074350919657    0    0    0    0    0    0    0    
635    20.45945061726142    0    0    0    0    0    0    0    
636    19.17994417888231    0    0    0    0    0    0    0    
637    20.995231611847984    0    0    0    0    0    0    0    
638    19.8238641618509    0    0    0    0    0    0    0    
639    21.05745613204972    0    0    0    0    0    0    0    
640    20.878568099269376    0    0    0    0    0    0    0    
641    20.784471319600723    0    0    0    0    0    0    0    
642    19.767037795659082    0    0    0    0    0    0    0    
643    20.14445130466562    0    0    0    0    0    0    0    
644    20.275659017371858    0    0    0    0    0    0    0    
645    21.74190511586422    0    0    0    0    0    0    0    
646    20.735594341807996    0    0    0    0    0    0    0    
647    19.545315566145106    0    0    0    0    0    0    0    
648    20.20855462892135    0    0    0    0    0    0    0    
649    21.58289444666617    0    0    0    0    0    0    0    
650    19.265489772530863    0    0    0    0    0    0    0    
651    22.315192305699494    0    0    0    0    0    0    0    
652    19.5935608493447    0    0    0    0    0    0    0    
653    19.92825829129005    0    0    0    0    0    0    0    
654    20.828018961582238    0    0    0    0    0    0    0    
655    21.98094043570271    0    0    0    0    0    0    0    
656    19.822486159177206    0    0    0    0    0    0    0    
657    21.086651875508323    0    0    0    0    0    0    0    
658    21.225209705542984    0    0    0    0    0    0    0    
659    20.22908724920572    0    0    0    0    0    0    0    