! OpenFAST Deterministic Wind File
#
# Comment lines begin with "!" or "#" or "%", then the data lines must contain the following columns:
#
# If there are only 8 columns, upflow is assumed to be 0.
#
# Parameters are interpolated linearly between time steps; using nearest neighbor before the first time 
# listed in this file and after the last time listed in the file. 
#
! Time     Wind    Wind    Vertical    Horiz.      Pwr.Law     Lin.Vert.   Gust     Upflow
!          Speed   Dir     Speed       Shear       Vert.Shr    Shear       Speed    Angle 
! (sec)    (m/s)   (Deg)   (m/s)                                            (m/s)   (deg)
0    21.210249156090146    0    0    0    0    0    0    0    
1    21.090818781038028    0    0    0    0    0    0    0    
2    21.166244395236745    0    0    0    0    0    0    0    
3    20.981163624650762    0    0    0    0    0    0    0    
4    20.78158050829808    0    0    0    0    0    0    0    
5    21.59843404956257    0    0    0    0    0    0    0    
6    21.126618271089608    0    0    0    0    0    0    0    
7    20.797904920191353    0    0    0    0    0    0    0    
8    20.71264778465893    0    0    0    0    0    0    0    
9    21.62362112131077    0    0    0    0    0    0    0    
10    21.129271586554587    0    0    0    0    0    0    0    
11    20.783227906684317    0    0    0    0    0    0    0    
12    21.22588439301226    0    0    0    0    0    0    0    
13    20.571064731529663    0    0    0    0    0    0    0    
14    20.628622319335246    0    0    0    0    0    0    0    
15    21.360908151254097    0    0    0    0    0    0    0    
16    20.86901918814754    0    0    0    0    0    0    0    
17    21.05000307204047    0    0    0    0    0    0    0    
18    21.02526953337138    0    0    0    0    0    0    0    
19    21.162990642069026    0    0    0    0    0    0    0    
20    20.58473917872354    0    0    0    0    0    0    0    
21    21.21572014945957    0    0    0    0    0    0    0    
22    21.165158521727566    0    0    0    0    0    0    0    
23    21.386140178265464    0    0    0    0    0    0    0    
24    21.32771857697946    0    0    0    0    0    0    0    
25    21.151827337890357    0    0    0    0    0    0    0    
26    21.223865910447678    0    0    0    0    0    0    0    
27    21.194307525745387    0    0    0    0    0    0    0    
28    21.46815732660697    0    0    0    0    0    0    0    
29    21.112727431150358    0    0    0    0    0    0    0    
30    20.964410009138515    0    0    0    0    0    0    0    
31    21.08601148187757    0    0    0    0    0    0    0    
32    21.51129660422462    0    0    0    0    0    0    0    
33    21.181770586331645    0    0    0    0    0    0    0    
34    21.312588765256613    0    0    0    0    0    0    0    
35    20.6746005910716    0    0    0    0    0    0    0    
36    21.08580766252833    0    0    0    0    0    0    0    
37    20.71471595875683    0    0    0    0    0    0    0    
38    20.624801306036787    0    0    0    0    0    0    0    
39    20.967172879912212    0    0    0    0    0    0    0    
40    21.161577235862964    0    0    0    0    0    0    0    
41    21.566085680607973    0    0    0    0    0    0    0    
42    21.303477221359902    0    0    0    0    0    0    0    
43    20.36064753837709    0    0    0    0    0    0    0    
44    21.56984418141316    0    0    0    0    0    0    0    
45    21.60773018488511    0    0    0    0    0    0    0    
46    21.134378215029326    0    0    0    0    0    0    0    
47    20.92410510385833    0    0    0    0    0    0    0    
48    20.839663134269617    0    0    0    0    0    0    0    
49    20.939820135922716    0    0    0    0    0    0    0    
50    20.58051375197573    0    0    0    0    0    0    0    
51    20.989783170808714    0    0    0    0    0    0    0    
52    21.121345663239794    0    0    0    0    0    0    0    
53    20.923089105753256    0    0    0    0    0    0    0    
54    20.86821638925294    0    0    0    0    0    0    0    
55    21.58906877606365    0    0    0    0    0    0    0    
56    21.084389516901897    0    0    0    0    0    0    0    
57    21.525541956100263    0    0    0    0    0    0    0    
58    21.262961040204743    0    0    0    0    0    0    0    
59    21.233454946334685    0    0    0    0    0    0    0    
60    21.382160097611457    0    0    0    0    0    0    0    
61    21.126315836253372    0    0    0    0    0    0    0    
62    21.27307300596012    0    0    0    0    0    0    0    
63    21.256489937826423    0    0    0    0    0    0    0    
64    21.215891226986255    0    0    0    0    0    0    0    
65    21.29009568896022    0    0    0    0    0    0    0    
66    20.962836071531854    0    0    0    0    0    0    0    
67    21.087104450394886    0    0    0    0    0    0    0    
68    21.342177987936854    0    0    0    0    0    0    0    
69    21.3172700642136    0    0    0    0    0    0    0    
70    21.1168911203893    0    0    0    0    0    0    0    
71    20.341102010812808    0    0    0    0    0    0    0    
72    21.16247568058783    0    0    0    0    0    0    0    
73    21.0080300507508    0    0    0    0    0    0    0    
74    20.85345700186605    0    0    0    0    0    0    0    
75    20.970159935051672    0    0    0    0    0    0    0    
76    20.837277058857246    0    0    0    0    0    0    0    
77    20.862420379345796    0    0    0    0    0    0    0    
78    21.327992130664526    0    0    0    0    0    0    0    
79    21.40319799135969    0    0    0    0    0    0    0    
80    21.130267897978445    0    0    0    0    0    0    0    
81    20.523418888653893    0    0    0    0    0    0    0    
82    21.12330866159651    0    0    0    0    0    0    0    
83    21.05480641123948    0    0    0    0    0    0    0    
84    21.33685724662525    0    0    0    0    0    0    0    
85    21.17682343959167    0    0    0    0    0    0    0    
86    21.05732020790577    0    0    0    0    0    0    0    
87    20.826462990541778    0    0    0    0    0    0    0    
88    21.34881017470187    0    0    0    0    0    0    0    
89    20.897546739110187    0    0    0    0    0    0    0    
90    21.377117664476817    0    0    0    0    0    0    0    
91    20.93328486871297    0    0    0    0    0    0    0    
92    21.29606223521051    0    0    0    0    0    0    0    
93    21.111384382501015    0    0    0    0    0    0    0    
94    21.31741442059549    0    0    0    0    0    0    0    
95    21.36829242226757    0    0    0    0    0    0    0    
96    21.44070477736758    0    0    0    0    0    0    0    
97    21.04965349410726    0    0    0    0    0    0    0    
98    21.030251959314253    0    0    0    0    0    0    0    
99    20.739494804485673    0    0    0    0    0    0    0    
100    20.908303512527223    0    0    0    0    0    0    0    
101    20.967781795946607    0    0    0    0    0    0    0    
102    21.072866686530784    0    0    0    0    0    0    0    
103    21.060016734018728    0    0    0    0    0    0    0    
104    20.644076450893966    0    0    0    0    0    0    0    
105    21.52198998457939    0    0    0    0    0    0    0    
106    21.217801143595686    0    0    0    0    0    0    0    
107    20.899897875801354    0    0    0    0    0    0    0    
108    21.160261022125738    0    0    0    0    0    0    0    
109    21.29736891878509    0    0    0    0    0    0    0    
110    21.153284307239744    0    0    0    0    0    0    0    
111    21.178815657099527    0    0    0    0    0    0    0    
112    20.781578654471705    0    0    0    0    0    0    0    
113    21.102022268902562    0    0    0    0    0    0    0    
114    20.80055986697535    0    0    0    0    0    0    0    
115    21.02102739218129    0    0    0    0    0    0    0    
116    21.230602973702236    0    0    0    0    0    0    0    
117    21.07341666121039    0    0    0    0    0    0    0    
118    20.520848993780472    0    0    0    0    0    0    0    
119    21.245729751320972    0    0    0    0    0    0    0    
120    21.13160124331018    0    0    0    0    0    0    0    
121    21.267906921945823    0    0    0    0    0    0    0    
122    20.6859412918301    0    0    0    0    0    0    0    
123    20.874693586828553    0    0    0    0    0    0    0    
124    21.11385810498198    0    0    0    0    0    0    0    
125    21.132768206821602    0    0    0    0    0    0    0    
126    20.964304082187198    0    0    0    0    0    0    0    
127    20.78250164122722    0    0    0    0    0    0    0    
128    21.090808727017947    0    0    0    0    0    0    0    
129    21.10771475649013    0    0    0    0    0    0    0    
130    21.222611388510625    0    0    0    0    0    0    0    
131    20.490191721743184    0    0    0    0    0    0    0    
132    20.902214215038033    0    0    0    0    0    0    0    
133    20.94629712447765    0    0    0    0    0    0    0    
134    20.964048684361416    0    0    0    0    0    0    0    
135    20.99091703971413    0    0    0    0    0    0    0    
136    21.180066381177795    0    0    0    0    0    0    0    
137    21.627592753768525    0    0    0    0    0    0    0    
138    21.295246850630228    0    0    0    0    0    0    0    
139    21.33728610036947    0    0    0    0    0    0    0    
140    21.162377301494182    0    0    0    0    0    0    0    
141    21.108463535579148    0    0    0    0    0    0    0    
142    21.258469676952565    0    0    0    0    0    0    0    
143    20.9612503214171    0    0    0    0    0    0    0    
144    20.91323049486737    0    0    0    0    0    0    0    
145    20.965994899054518    0    0    0    0    0    0    0    
146    21.077923094337145    0    0    0    0    0    0    0    
147    20.900990425776023    0    0    0    0    0    0    0    
148    21.11080200654689    0    0    0    0    0    0    0    
149    21.19898244135935    0    0    0    0    0    0    0    
150    21.215687212157338    0    0    0    0    0    0    0    
151    20.84576010191367    0    0    0    0    0    0    0    
152    20.546311841625    0    0    0    0    0    0    0    
153    21.06831753496747    0    0    0    0    0    0    0    
154    20.939618207421358    0    0    0    0    0    0    0    
155    20.888310735687533    0    0    0    0    0    0    0    
156    21.004622525843295    0    0    0    0    0    0    0    
157    20.784835146600205    0    0    0    0    0    0    0    
158    20.73962810448795    0    0    0    0    0    0    0    
159    20.946917263104467    0    0    0    0    0    0    0    
160    20.351858516664322    0    0    0    0    0    0    0    
161    21.737239880681006    0    0    0    0    0    0    0    
162    21.17174782620934    0    0    0    0    0    0    0    
163    20.981485402219338    0    0    0    0    0    0    0    
164    21.259112471037476    0    0    0    0    0    0    0    
165    21.38981664337396    0    0    0    0    0    0    0    
166    21.25150348194591    0    0    0    0    0    0    0    
167    20.816224254789887    0    0    0    0    0    0    0    
168    21.107846115353585    0    0    0    0    0    0    0    
169    20.819996740806513    0    0    0    0    0    0    0    
170    21.034589766760845    0    0    0    0    0    0    0    
171    21.379668877715094    0    0    0    0    0    0    0    
172    20.74941417369722    0    0    0    0    0    0    0    
173    21.324945365828082    0    0    0    0    0    0    0    
174    21.29171428483209    0    0    0    0    0    0    0    
175    20.783885039602062    0    0    0    0    0    0    0    
176    21.167779407582557    0    0    0    0    0    0    0    
177    21.464009024527392    0    0    0    0    0    0    0    
178    21.385822914425482    0    0    0    0    0    0    0    
179    21.298407148666687    0    0    0    0    0    0    0    
180    20.786876457598886    0    0    0    0    0    0    0    
181    20.726286468927032    0    0    0    0    0    0    0    
182    20.90316756445658    0    0    0    0    0    0    0    
183    21.14145374658434    0    0    0    0    0    0    0    
184    20.95836192906711    0    0    0    0    0    0    0    
185    20.809529629913712    0    0    0    0    0    0    0    
186    21.390276862963    0    0    0    0    0    0    0    
187    21.176338642007327    0    0    0    0    0    0    0    
188    20.859671523727762    0    0    0    0    0    0    0    
189    21.0884566006952    0    0    0    0    0    0    0    
190    21.213090937827957    0    0    0    0    0    0    0    
191    20.625773033587294    0    0    0    0    0    0    0    
192    21.278388028403775    0    0    0    0    0    0    0    
193    21.3276710680723    0    0    0    0    0    0    0    
194    21.099486273826166    0    0    0    0    0    0    0    
195    20.892555450812374    0    0    0    0    0    0    0    
196    20.881666528133838    0    0    0    0    0    0    0    
197    21.131625611125408    0    0    0    0    0    0    0    
198    21.125607024379253    0    0    0    0    0    0    0    
199    20.83977957251433    0    0    0    0    0    0    0    
200    20.957852480162035    0    0    0    0    0    0    0    
201    21.326144874846538    0    0    0    0    0    0    0    
202    21.21339638465543    0    0    0    0    0    0    0    
203    20.712694372640282    0    0    0    0    0    0    0    
204    21.496306032739273    0    0    0    0    0    0    0    
205    21.05570090280113    0    0    0    0    0    0    0    
206    20.755178395040225    0    0    0    0    0    0    0    
207    20.96148707313939    0    0    0    0    0    0    0    
208    21.146101685342057    0    0    0    0    0    0    0    
209    21.117520946884625    0    0    0    0    0    0    0    
210    20.59592911031649    0    0    0    0    0    0    0    
211    21.371264785905307    0    0    0    0    0    0    0    
212    21.013702572946684    0    0    0    0    0    0    0    
213    21.204888904603227    0    0    0    0    0    0    0    
214    21.32750136863737    0    0    0    0    0    0    0    
215    21.28117534914591    0    0    0    0    0    0    0    
216    21.326024755573183    0    0    0    0    0    0    0    
217    21.22352108114418    0    0    0    0    0    0    0    
218    20.971569975837422    0    0    0    0    0    0    0    
219    21.290992785584255    0    0    0    0    0    0    0    
220    21.292969935427227    0    0    0    0    0    0    0    
221    21.25567377169494    0    0    0    0    0    0    0    
222    20.98690597218215    0    0    0    0    0    0    0    
223    21.4444664235896    0    0    0    0    0    0    0    
224    21.00974301462966    0    0    0    0    0    0    0    
225    21.10432954161139    0    0    0    0    0    0    0    
226    20.92653320792096    0    0    0    0    0    0    0    
227    21.057058808509453    0    0    0    0    0    0    0    
228    21.171882003953282    0    0    0    0    0    0    0    
229    21.45789393037683    0    0    0    0    0    0    0    
230    21.020108473630103    0    0    0    0    0    0    0    
231    21.10420927966229    0    0    0    0    0    0    0    
232    21.32533564882388    0    0    0    0    0    0    0    
233    21.233862149020844    0    0    0    0    0    0    0    
234    21.10770226303817    0    0    0    0    0    0    0    
235    21.3957254362766    0    0    0    0    0    0    0    
236    21.22198595069422    0    0    0    0    0    0    0    
237    21.249307178382175    0    0    0    0    0    0    0    
238    20.726231176123573    0    0    0    0    0    0    0    
239    21.002773163155755    0    0    0    0    0    0    0    
240    21.168038255377596    0    0    0    0    0    0    0    
241    21.509152572978614    0    0    0    0    0    0    0    
242    20.91028781182731    0    0    0    0    0    0    0    
243    20.947668577939194    0    0    0    0    0    0    0    
244    21.014801118095715    0    0    0    0    0    0    0    
245    21.066709409904348    0    0    0    0    0    0    0    
246    21.270448943256824    0    0    0    0    0    0    0    
247    21.121354628467547    0    0    0    0    0    0    0    
248    20.742893762771832    0    0    0    0    0    0    0    
249    21.35012726072186    0    0    0    0    0    0    0    
250    20.784215512837484    0    0    0    0    0    0    0    
251    20.847635184670303    0    0    0    0    0    0    0    
252    20.93371137679572    0    0    0    0    0    0    0    
253    20.759049944966492    0    0    0    0    0    0    0    
254    21.237666245461227    0    0    0    0    0    0    0    
255    20.985057534284415    0    0    0    0    0    0    0    
256    20.580595185116138    0    0    0    0    0    0    0    
257    21.470189179987    0    0    0    0    0    0    0    
258    21.61185696085993    0    0    0    0    0    0    0    
259    20.86431941258385    0    0    0    0    0    0    0    
260    21.181088607157964    0    0    0    0    0    0    0    
261    21.236733699788775    0    0    0    0    0    0    0    
262    21.14397072673416    0    0    0    0    0    0    0    
263    20.910116195391844    0    0    0    0    0    0    0    
264    21.370838763308186    0    0    0    0    0    0    0    
265    20.972823774339464    0    0    0    0    0    0    0    
266    21.405993749844658    0    0    0    0    0    0    0    
267    20.964875779771198    0    0    0    0    0    0    0    
268    20.727406268228158    0    0    0    0    0    0    0    
269    21.361226902991955    0    0    0    0    0    0    0    
270    21.036789811369182    0    0    0    0    0    0    0    
271    21.309918904307402    0    0    0    0    0    0    0    
272    20.45845256767419    0    0    0    0    0    0    0    
273    21.131254465896248    0    0    0    0    0    0    0    
274    20.809865155217587    0    0    0    0    0    0    0    
275    20.980620928749744    0    0    0    0    0    0    0    
276    21.286706695821774    0    0    0    0    0    0    0    
277    20.805752566174615    0    0    0    0    0    0    0    
278    21.157048076934995    0    0    0    0    0    0    0    
279    21.22858464886674    0    0    0    0    0    0    0    
280    21.233080580073167    0    0    0    0    0    0    0    
281    21.16735371214607    0    0    0    0    0    0    0    
282    21.475099298762103    0    0    0    0    0    0    0    
283    21.392241579249163    0    0    0    0    0    0    0    
284    21.108634467812873    0    0    0    0    0    0    0    
285    20.801755877636424    0    0    0    0    0    0    0    
286    20.95581726140643    0    0    0    0    0    0    0    
287    21.194674789863978    0    0    0    0    0    0    0    
288    21.41259563371361    0    0    0    0    0    0    0    
289    21.380866839668595    0    0    0    0    0    0    0    
290    21.02881783562849    0    0    0    0    0    0    0    
291    20.918640118885747    0    0    0    0    0    0    0    
292    20.933976982011927    0    0    0    0    0    0    0    
293    20.880606533541393    0    0    0    0    0    0    0    
294    21.159479631925176    0    0    0    0    0    0    0    
295    20.48745359568195    0    0    0    0    0    0    0    
296    21.12217060437085    0    0    0    0    0    0    0    
297    21.48772302939922    0    0    0    0    0    0    0    
298    21.118991177327178    0    0    0    0    0    0    0    
299    21.210130486021512    0    0    0    0    0    0    0    
300    21.20470627402756    0    0    0    0    0    0    0    
301    20.966100430599347    0    0    0    0    0    0    0    
302    21.138231189571574    0    0    0    0    0    0    0    
303    21.22924859303509    0    0    0    0    0    0    0    
304    20.614834442462755    0    0    0    0    0    0    0    
305    20.799945155730548    0    0    0    0    0    0    0    
306    20.84760809690869    0    0    0    0    0    0    0    
307    21.06711140339031    0    0    0    0    0    0    0    
308    21.082682789861792    0    0    0    0    0    0    0    
309    21.20188242750397    0    0    0    0    0    0    0    
310    21.083862047270625    0    0    0    0    0    0    0    
311    21.208803539355273    0    0    0    0    0    0    0    
312    21.598855404086066    0    0    0    0    0    0    0    
313    21.045856621750016    0    0    0    0    0    0    0    
314    21.132897269725472    0    0    0    0    0    0    0    
315    21.034114481717427    0    0    0    0    0    0    0    
316    21.077028920190678    0    0    0    0    0    0    0    
317    20.80643143008162    0    0    0    0    0    0    0    
318    21.272022423689666    0    0    0    0    0    0    0    
319    20.790478926846443    0    0    0    0    0    0    0    
320    21.55169524494359    0    0    0    0    0    0    0    
321    21.102296629522442    0    0    0    0    0    0    0    
322    21.229499075779014    0    0    0    0    0    0    0    
323    21.115941136428763    0    0    0    0    0    0    0    
324    21.521063290086435    0    0    0    0    0    0    0    
325    21.11970775104695    0    0    0    0    0    0    0    
326    21.118463723999998    0    0    0    0    0    0    0    
327    21.04398862292749    0    0    0    0    0    0    0    
328    21.197183160289033    0    0    0    0    0    0    0    
329    21.039056345154513    0    0    0    0    0    0    0    
330    21.43844497068885    0    0    0    0    0    0    0    
331    20.96385652436146    0    0    0    0    0    0    0    
332    21.428648811437185    0    0    0    0    0    0    0    
333    21.273039561497256    0    0    0    0    0    0    0    
334    20.952663585056907    0    0    0    0    0    0    0    
335    20.713811067487512    0    0    0    0    0    0    0    
336    20.694201127851223    0    0    0    0    0    0    0    
337    20.940018022978823    0    0    0    0    0    0    0    
338    21.10161876109003    0    0    0    0    0    0    0    
339    20.77033669826853    0    0    0    0    0    0    0    
340    21.017555093372028    0    0    0    0    0    0    0    
341    20.91893353392955    0    0    0    0    0    0    0    
342    21.383036640174527    0    0    0    0    0    0    0    
343    21.02523494650508    0    0    0    0    0    0    0    
344    21.07707598322686    0    0    0    0    0    0    0    
345    20.707970880595685    0    0    0    0    0    0    0    
346    21.326177547414073    0    0    0    0    0    0    0    
347    21.092776946195663    0    0    0    0    0    0    0    
348    21.076103208742    0    0    0    0    0    0    0    
349    21.022114472078712    0    0    0    0    0    0    0    
350    21.363789780795564    0    0    0    0    0    0    0    
351    20.68053783479735    0    0    0    0    0    0    0    
352    20.712889712942875    0    0    0    0    0    0    0    
353    20.37462516922862    0    0    0    0    0    0    0    
354    21.555736246713458    0    0    0    0    0    0    0    
355    20.870553212147467    0    0    0    0    0    0    0    
356    21.041593627237695    0    0    0    0    0    0    0    
357    21.15490266847309    0    0    0    0    0    0    0    
358    21.26953482940749    0    0    0    0    0    0    0    
359    21.710050309541398    0    0    0    0    0    0    0    
360    21.27674963148284    0    0    0    0    0    0    0    
361    21.35950423846189    0    0    0    0    0    0    0    
362    20.96201810683279    0    0    0    0    0    0    0    
363    20.721036513823023    0    0    0    0    0    0    0    
364    20.70261659193133    0    0    0    0    0    0    0    
365    21.56979654175995    0    0    0    0    0    0    0    
366    21.135558811943987    0    0    0    0    0    0    0    
367    20.91183043008666    0    0    0    0    0    0    0    
368    21.454136281111385    0    0    0    0    0    0    0    
369    21.196071575783463    0    0    0    0    0    0    0    
370    21.422124413316535    0    0    0    0    0    0    0    
371    21.51439897705035    0    0    0    0    0    0    0    
372    21.754713597497044    0    0    0    0    0    0    0    
373    21.18743783856321    0    0    0    0    0    0    0    
374    20.923682684731705    0    0    0    0    0    0    0    
375    21.085375039513327    0    0    0    0    0    0    0    
376    21.17891221347288    0    0    0    0    0    0    0    
377    21.004735888929375    0    0    0    0    0    0    0    
378    21.063059916592678    0    0    0    0    0    0    0    
379    20.981059163993173    0    0    0    0    0    0    0    
380    21.114990261323953    0    0    0    0    0    0    0    
381    20.69767106560868    0    0    0    0    0    0    0    
382    21.51013414298076    0    0    0    0    0    0    0    
383    21.22536678410353    0    0    0    0    0    0    0    
384    21.022112153755053    0    0    0    0    0    0    0    
385    21.459546124573972    0    0    0    0    0    0    0    
386    21.285937522910373    0    0    0    0    0    0    0    
387    20.834018752141553    0    0    0    0    0    0    0    
388    21.0360116185857    0    0    0    0    0    0    0    
389    21.587133131582274    0    0    0    0    0    0    0    
390    21.328778073216306    0    0    0    0    0    0    0    
391    20.922514095939306    0    0    0    0    0    0    0    
392    21.103532380678097    0    0    0    0    0    0    0    
393    20.803063506075027    0    0    0    0    0    0    0    
394    21.4682698152561    0    0    0    0    0    0    0    
395    21.017275419794995    0    0    0    0    0    0    0    
396    21.113011955109364    0    0    0    0    0    0    0    
397    21.6470692349574    0    0    0    0    0    0    0    
398    21.184268525993087    0    0    0    0    0    0    0    
399    21.346061275584297    0    0    0    0    0    0    0    
400    21.36547986722606    0    0    0    0    0    0    0    
401    21.14131229426176    0    0    0    0    0    0    0    
402    21.017914081746262    0    0    0    0    0    0    0    
403    21.268268881801692    0    0    0    0    0    0    0    
404    21.1411420828526    0    0    0    0    0    0    0    
405    20.634099056539732    0    0    0    0    0    0    0    
406    20.758890085051675    0    0    0    0    0    0    0    
407    20.85909841496202    0    0    0    0    0    0    0    
408    20.886204973532138    0    0    0    0    0    0    0    
409    21.417840036861453    0    0    0    0    0    0    0    
410    20.964899718202187    0    0    0    0    0    0    0    
411    21.382897854712027    0    0    0    0    0    0    0    
412    21.10630699608963    0    0    0    0    0    0    0    
413    21.205661012648857    0    0    0    0    0    0    0    
414    20.61290220328775    0    0    0    0    0    0    0    
415    20.570077131833756    0    0    0    0    0    0    0    
416    20.964541996113528    0    0    0    0    0    0    0    
417    20.56702788599791    0    0    0    0    0    0    0    
418    20.8152055471262    0    0    0    0    0    0    0    
419    21.396344421237227    0    0    0    0    0    0    0    
420    21.184790237790942    0    0    0    0    0    0    0    
421    21.28728635928752    0    0    0    0    0    0    0    
422    20.783601171773608    0    0    0    0    0    0    0    
423    20.854119166463747    0    0    0    0    0    0    0    
424    20.870931636634474    0    0    0    0    0    0    0    
425    21.204479356296996    0    0    0    0    0    0    0    
426    21.233431210154755    0    0    0    0    0    0    0    
427    21.017171392434506    0    0    0    0    0    0    0    
428    21.430927173861768    0    0    0    0    0    0    0    
429    20.95489108581635    0    0    0    0    0    0    0    
430    21.421676810301832    0    0    0    0    0    0    0    
431    20.785360027005897    0    0    0    0    0    0    0    
432    20.489661285829914    0    0    0    0    0    0    0    
433    20.855632137546372    0    0    0    0    0    0    0    
434    21.14691400210057    0    0    0    0    0    0    0    
435    20.68676917773047    0    0    0    0    0    0    0    
436    21.212607841838675    0    0    0    0    0    0    0    
437    20.714267846643327    0    0    0    0    0    0    0    
438    21.397959749258217    0    0    0    0    0    0    0    
439    21.33894986108693    0    0    0    0    0    0    0    
440    21.245464068012517    0    0    0    0    0    0    0    
441    21.10632128195676    0    0    0    0    0    0    0    
442    21.13954457520187    0    0    0    0    0    0    0    
443    21.274873776512162    0    0    0    0    0    0    0    
444    21.333691092432048    0    0    0    0    0    0    0    
445    20.852681299216382    0    0    0    0    0    0    0    
446    20.590421376467592    0    0    0    0    0    0    0    
447    21.170062897439017    0    0    0    0    0    0    0    
448    20.80067551780931    0    0    0    0    0    0    0    
449    21.228958439629636    0    0    0    0    0    0    0    
450    21.094329158244246    0    0    0    0    0    0    0    
451    21.012570836400098    0    0    0    0    0    0    0    
452    21.518066690964954    0    0    0    0    0    0    0    
453    20.72820259111894    0    0    0    0    0    0    0    
454    21.0878941444403    0    0    0    0    0    0    0    
455    20.824328555242843    0    0    0    0    0    0    0    
456    20.84778463880871    0    0    0    0    0    0    0    
457    21.189101706060175    0    0    0    0    0    0    0    
458    20.6491029581579    0    0    0    0    0    0    0    
459    21.031904552590515    0    0    0    0    0    0    0    
460    21.40742857257909    0    0    0    0    0    0    0    
461    21.417566542824407    0    0    0    0    0    0    0    
462    21.389490588110625    0    0    0    0    0    0    0    
463    21.48982867261669    0    0    0    0    0    0    0    
464    21.139654284749195    0    0    0    0    0    0    0    
465    20.89491513701442    0    0    0    0    0    0    0    
466    20.966972594553255    0    0    0    0    0    0    0    
467    21.150748907174727    0    0    0    0    0    0    0    
468    21.19929989797409    0    0    0    0    0    0    0    
469    20.73728083296767    0    0    0    0    0    0    0    
470    20.6769794821791    0    0    0    0    0    0    0    
471    21.193695333003713    0    0    0    0    0    0    0    
472    21.240328068932833    0    0    0    0    0    0    0    
473    21.154702614861044    0    0    0    0    0    0    0    
474    21.464109556369152    0    0    0    0    0    0    0    
475    21.136389524616344    0    0    0    0    0    0    0    
476    21.199966116819787    0    0    0    0    0    0    0    
477    21.456832702348027    0    0    0    0    0    0    0    
478    21.091976871450495    0    0    0    0    0    0    0    
479    21.157279989773684    0    0    0    0    0    0    0    
480    21.075768695689938    0    0    0    0    0    0    0    
481    20.63225565665416    0    0    0    0    0    0    0    
482    21.041515530859154    0    0    0    0    0    0    0    
483    20.56921627587205    0    0    0    0    0    0    0    
484    20.655781164620862    0    0    0    0    0    0    0    
485    21.242409280511    0    0    0    0    0    0    0    
486    21.036580272000716    0    0    0    0    0    0    0    
487    21.18044598536562    0    0    0    0    0    0    0    
488    21.090837030651702    0    0    0    0    0    0    0    
489    21.04027248180778    0    0    0    0    0    0    0    
490    21.437645267762925    0    0    0    0    0    0    0    
491    21.00600117581557    0    0    0    0    0    0    0    
492    21.268946772547483    0    0    0    0    0    0    0    
493    21.058569934601945    0    0    0    0    0    0    0    
494    20.760906338534365    0    0    0    0    0    0    0    
495    21.480354188638167    0    0    0    0    0    0    0    
496    21.162202251256623    0    0    0    0    0    0    0    
497    21.002281056065243    0    0    0    0    0    0    0    
498    20.85369273658925    0    0    0    0    0    0    0    
499    21.19436819108836    0    0    0    0    0    0    0    
500    21.01753532624388    0    0    0    0    0    0    0    
501    20.759283657776407    0    0    0    0    0    0    0    
502    20.958010640968546    0    0    0    0    0    0    0    
503    21.004927599826708    0    0    0    0    0    0    0    
504    21.521277604417666    0    0    0    0    0    0    0    
505    21.024841185607098    0    0    0    0    0    0    0    
506    20.891222591082336    0    0    0    0    0    0    0    
507    21.62519383805056    0    0    0    0    0    0    0    
508    21.181303829082786    0    0    0    0    0    0    0    
509    21.22650373158708    0    0    0    0    0    0    0    
510    21.446422074861704    0    0    0    0    0    0    0    
511    21.14666286572827    0    0    0    0    0    0    0    
512    20.96831519102237    0    0    0    0    0    0    0    
513    20.61007934019413    0    0    0    0    0    0    0    
514    21.179837375927    0    0    0    0    0    0    0    
515    21.493465549274966    0    0    0    0    0    0    0    
516    20.9018638672721    0    0    0    0    0    0    0    
517    21.16940942155666    0    0    0    0    0    0    0    
518    21.336422792753176    0    0    0    0    0    0    0    
519    20.733571252522    0    0    0    0    0    0    0    
520    21.29394318837269    0    0    0    0    0    0    0    
521    21.431735019961437    0    0    0    0    0    0    0    
522    20.84158340852735    0    0    0    0    0    0    0    
523    20.9604470592606    0    0    0    0    0    0    0    
524    20.96877562202216    0    0    0    0    0    0    0    
525    20.693662768404874    0    0    0    0    0    0    0    
526    21.048080360331056    0    0    0    0    0    0    0    
527    21.239157013317204    0    0    0    0    0    0    0    
528    20.7711575129355    0    0    0    0    0    0    0    
529    21.018628304117417    0    0    0    0    0    0    0    
530    21.046739625381655    0    0    0    0    0    0    0    
531    21.165784681319256    0    0    0    0    0    0    0    
532    21.33127517270669    0    0    0    0    0    0    0    
533    21.18096695873745    0    0    0    0    0    0    0    
534    21.17875819904635    0    0    0    0    0    0    0    
535    21.391820450613988    0    0    0    0    0    0    0    
536    20.931481780714698    0    0    0    0    0    0    0    
537    21.374681190468895    0    0    0    0    0    0    0    
538    21.165244149749636    0    0    0    0    0    0    0    
539    21.05864375308419    0    0    0    0    0    0    0    
540    20.878203251481178    0    0    0    0    0    0    0    
541    21.221298283197456    0    0    0    0    0    0    0    
542    21.018283635404334    0    0    0    0    0    0    0    
543    20.910627177812334    0    0    0    0    0    0    0    
544    20.884846042817244    0    0    0    0    0    0    0    
545    21.144215038232723    0    0    0    0    0    0    0    
546    21.241455147098293    0    0    0    0    0    0    0    
547    21.5303767479424    0    0    0    0    0    0    0    
548    21.048384523168657    0    0    0    0    0    0    0    
549    21.176456338124257    0    0    0    0    0    0    0    
550    21.068920924371582    0    0    0    0    0    0    0    
551    20.83835146554525    0    0    0    0    0    0    0    
552    20.657341892733744    0    0    0    0    0    0    0    
553    21.118754192569938    0    0    0    0    0    0    0    
554    21.130967536687553    0    0    0    0    0    0    0    
555    21.457642135704628    0    0    0    0    0    0    0    
556    21.223258351767015    0    0    0    0    0    0    0    
557    20.903172203473876    0    0    0    0    0    0    0    
558    21.46694115007506    0    0    0    0    0    0    0    
559    21.417852289013013    0    0    0    0    0    0    0    
560    21.262333381747585    0    0    0    0    0    0    0    
561    21.508666800984564    0    0    0    0    0    0    0    
562    21.150261973634237    0    0    0    0    0    0    0    
563    21.416839620800005    0    0    0    0    0    0    0    
564    20.838733810297214    0    0    0    0    0    0    0    
565    20.964795787750564    0    0    0    0    0    0    0    
566    21.309752544674573    0    0    0    0    0    0    0    
567    21.063403354057957    0    0    0    0    0    0    0    
568    21.339936867175876    0    0    0    0    0    0    0    
569    20.871705125327512    0    0    0    0    0    0    0    
570    21.05709563481658    0    0    0    0    0    0    0    
571    20.994754469875645    0    0    0    0    0    0    0    
572    21.531393692422203    0    0    0    0    0    0    0    
573    21.041483175295177    0    0    0    0    0    0    0    
574    21.431609237589544    0    0    0    0    0    0    0    
575    21.18862999167162    0    0    0    0    0    0    0    
576    20.998699573021714    0    0    0    0    0    0    0    
577    21.171267300997243    0    0    0    0    0    0    0    
578    20.954831788537792    0    0    0    0    0    0    0    
579    21.33304875937921    0    0    0    0    0    0    0    
580    21.332683170236823    0    0    0    0    0    0    0    
581    20.946376031345267    0    0    0    0    0    0    0    
582    20.731571129372046    0    0    0    0    0    0    0    
583    21.04086518135387    0    0    0    0    0    0    0    
584    20.99892684514395    0    0    0    0    0    0    0    
585    21.24453210475961    0    0    0    0    0    0    0    
586    21.032868204965162    0    0    0    0    0    0    0    
587    21.309350807762826    0    0    0    0    0    0    0    
588    21.479814775065055    0    0    0    0    0    0    0    
589    21.114800931142167    0    0    0    0    0    0    0    
590    21.078838625209844    0    0    0    0    0    0    0    
591    21.187785223088856    0    0    0    0    0    0    0    
592    21.148802183067183    0    0    0    0    0    0    0    
593    20.913319865612134    0    0    0    0    0    0    0    
594    20.9792800385911    0    0    0    0    0    0    0    
595    21.258340534175268    0    0    0    0    0    0    0    
596    20.623956014989357    0    0    0    0    0    0    0    
597    20.892843978594417    0    0    0    0    0    0    0    
598    21.581396389490017    0    0    0    0    0    0    0    
599    20.888155355687577    0    0    0    0    0    0    0    
600    20.76080501233716    0    0    0    0    0    0    0    
601    21.104939284262606    0    0    0    0    0    0    0    
602    21.338895433750736    0    0    0    0    0    0    0    
603    20.982556004096775    0    0    0    0    0    0    0    
604    21.259498089059523    0    0    0    0    0    0    0    
605    21.055984611255607    0    0    0    0    0    0    0    
606    21.06180135003804    0    0    0    0    0    0    0    
607    21.24106453295291    0    0    0    0    0    0    0    
608    21.26367575664158    0    0    0    0    0    0    0    
609    21.134973155463154    0    0    0    0    0    0    0    
610    21.440113486655637    0    0    0    0    0    0    0    
611    21.098187897818757    0    0    0    0    0    0    0    
612    20.9032149346711    0    0    0    0    0    0    0    
613    21.112831237626203    0    0    0    0    0    0    0    
614    21.205580450422655    0    0    0    0    0    0    0    
615    21.458550807271397    0    0    0    0    0    0    0    
616    21.29842274197173    0    0    0    0    0    0    0    
617    20.664453469649377    0    0    0    0    0    0    0    
618    21.57765252638245    0    0    0    0    0    0    0    
619    21.09579628562874    0    0    0    0    0    0    0    
620    20.86703544805791    0    0    0    0    0    0    0    
621    20.707640461178485    0    0    0    0    0    0    0    
622    20.998109229434757    0    0    0    0    0    0    0    
623    21.03551337769246    0    0    0    0    0    0    0    
624    21.254530258740292    0    0    0    0    0    0    0    
625    21.15048775003986    0    0    0    0    0    0    0    
626    21.208487648913717    0    0    0    0    0    0    0    
627    21.264540358173896    0    0    0    0    0    0    0    
628    20.602572097739877    0    0    0    0    0    0    0    
629    21.208714792508747    0    0    0    0    0    0    0    
630    21.34139204070695    0    0    0    0    0    0    0    
631    21.16469049714062    0    0    0    0    0    0    0    
632    21.053265212567215    0    0    0    0    0    0    0    
633    21.578007788397766    0    0    0    0    0    0    0    
634    21.234850373293707    0    0    0    0    0    0    0    
635    21.097789997754255    0    0    0    0    0    0    0    
636    21.157185760461996    0    0    0    0    0    0    0    
637    21.41094918107144    0    0    0    0    0    0    0    
638    20.8019333258896    0    0    0    0    0    0    0    
639    21.264769164536148    0    0    0    0    0    0    0    
640    20.47295698577834    0    0    0    0    0    0    0    
641    20.91391125705889    0    0    0    0    0    0    0    
642    21.131833670368167    0    0    0    0    0    0    0    
643    20.923387100193345    0    0    0    0    0    0    0    
644    21.2551549830793    0    0    0    0    0    0    0    
645    20.97716433970755    0    0    0    0    0    0    0    
646    20.593938058227387    0    0    0    0    0    0    0    
647    21.116082417723526    0    0    0    0    0    0    0    
648    20.49478048951694    0    0    0    0    0    0    0    
649    20.76559262935596    0    0    0    0    0    0    0    
650    21.475405058691848    0    0    0    0    0    0    0    
651    20.873734370372667    0    0    0    0    0    0    0    
652    21.100744951974388    0    0    0    0    0    0    0    
653    21.185444660278513    0    0    0    0    0    0    0    
654    21.00485948283712    0    0    0    0    0    0    0    
655    21.395138487331728    0    0    0    0    0    0    0    
656    21.137276633675512    0    0    0    0    0    0    0    
657    21.462644853658528    0    0    0    0    0    0    0    
658    21.116138459145585    0    0    0    0    0    0    0    
659    21.048078869674054    0    0    0    0    0    0    0    