! OpenFAST Deterministic Wind File
#
# Comment lines begin with "!" or "#" or "%", then the data lines must contain the following columns:
#
# If there are only 8 columns, upflow is assumed to be 0.
#
# Parameters are interpolated linearly between time steps; using nearest neighbor before the first time 
# listed in this file and after the last time listed in the file. 
#
! Time     Wind    Wind    Vertical    Horiz.      Pwr.Law     Lin.Vert.   Gust     Upflow
!          Speed   Dir     Speed       Shear       Vert.Shr    Shear       Speed    Angle 
! (sec)    (m/s)   (Deg)   (m/s)                                            (m/s)   (deg)
0    21.659910514852104    0    0    0    0    0    0    0    
1    22.247400936357824    0    0    0    0    0    0    0    
2    21.839407973875943    0    0    0    0    0    0    0    
3    21.860166604258012    0    0    0    0    0    0    0    
4    22.286624134259995    0    0    0    0    0    0    0    
5    21.781842985498926    0    0    0    0    0    0    0    
6    21.94659370958426    0    0    0    0    0    0    0    
7    21.18146842341045    0    0    0    0    0    0    0    
8    21.53015063268886    0    0    0    0    0    0    0    
9    21.965746299860477    0    0    0    0    0    0    0    
10    22.20324588905694    0    0    0    0    0    0    0    
11    21.86232914778788    0    0    0    0    0    0    0    
12    21.699122800121582    0    0    0    0    0    0    0    
13    22.15369973438418    0    0    0    0    0    0    0    
14    21.870491486594577    0    0    0    0    0    0    0    
15    22.19018491591726    0    0    0    0    0    0    0    
16    21.67822707647319    0    0    0    0    0    0    0    
17    21.908399579393247    0    0    0    0    0    0    0    
18    21.98637678870672    0    0    0    0    0    0    0    
19    21.779815446011423    0    0    0    0    0    0    0    
20    22.02046137897942    0    0    0    0    0    0    0    
21    22.103274389195185    0    0    0    0    0    0    0    
22    21.737902657405602    0    0    0    0    0    0    0    
23    21.640340477388506    0    0    0    0    0    0    0    
24    21.631641906694284    0    0    0    0    0    0    0    
25    21.76073370415464    0    0    0    0    0    0    0    
26    21.959778673825358    0    0    0    0    0    0    0    
27    21.296823941798966    0    0    0    0    0    0    0    
28    21.593256235420338    0    0    0    0    0    0    0    
29    21.928420944102786    0    0    0    0    0    0    0    
30    21.85188615681082    0    0    0    0    0    0    0    
31    21.949262185194268    0    0    0    0    0    0    0    
32    22.21651271439081    0    0    0    0    0    0    0    
33    21.694732935316697    0    0    0    0    0    0    0    
34    21.76031451295171    0    0    0    0    0    0    0    
35    21.659925055586378    0    0    0    0    0    0    0    
36    21.978371433287872    0    0    0    0    0    0    0    
37    21.68641580499228    0    0    0    0    0    0    0    
38    21.484755412740324    0    0    0    0    0    0    0    
39    21.899236960979092    0    0    0    0    0    0    0    
40    21.70415628868335    0    0    0    0    0    0    0    
41    21.69869507617782    0    0    0    0    0    0    0    
42    21.950464984334168    0    0    0    0    0    0    0    
43    21.86051125546319    0    0    0    0    0    0    0    
44    21.490312924796257    0    0    0    0    0    0    0    
45    21.69922863789598    0    0    0    0    0    0    0    
46    21.765416500639418    0    0    0    0    0    0    0    
47    22.032241638432534    0    0    0    0    0    0    0    
48    22.139180548795892    0    0    0    0    0    0    0    
49    21.822155052156223    0    0    0    0    0    0    0    
50    22.251364197810975    0    0    0    0    0    0    0    
51    22.038093027196265    0    0    0    0    0    0    0    
52    22.1668941410607    0    0    0    0    0    0    0    
53    21.777059590181192    0    0    0    0    0    0    0    
54    22.004406057825104    0    0    0    0    0    0    0    
55    21.580849078840092    0    0    0    0    0    0    0    
56    21.896437980360627    0    0    0    0    0    0    0    
57    22.1371060051324    0    0    0    0    0    0    0    
58    21.721224818833342    0    0    0    0    0    0    0    
59    21.79301651614814    0    0    0    0    0    0    0    
60    22.308620887883595    0    0    0    0    0    0    0    
61    21.974777812224982    0    0    0    0    0    0    0    
62    22.119389714534783    0    0    0    0    0    0    0    
63    21.711975532239933    0    0    0    0    0    0    0    
64    22.139427142431348    0    0    0    0    0    0    0    
65    21.987355138868892    0    0    0    0    0    0    0    
66    21.61437283130121    0    0    0    0    0    0    0    
67    21.772259401626265    0    0    0    0    0    0    0    
68    22.185721852302912    0    0    0    0    0    0    0    
69    21.97192541726834    0    0    0    0    0    0    0    
70    21.934071324247853    0    0    0    0    0    0    0    
71    21.73978683600375    0    0    0    0    0    0    0    
72    21.99160772447379    0    0    0    0    0    0    0    
73    21.98521076011478    0    0    0    0    0    0    0    
74    21.86328115910044    0    0    0    0    0    0    0    
75    21.884531733336683    0    0    0    0    0    0    0    
76    21.84105323361401    0    0    0    0    0    0    0    
77    22.060968964369263    0    0    0    0    0    0    0    
78    21.391459509456897    0    0    0    0    0    0    0    
79    21.635794999069113    0    0    0    0    0    0    0    
80    22.05258286057052    0    0    0    0    0    0    0    
81    21.922405429268657    0    0    0    0    0    0    0    
82    21.495443180674    0    0    0    0    0    0    0    
83    22.120411262672885    0    0    0    0    0    0    0    
84    21.605260431324357    0    0    0    0    0    0    0    
85    21.950686507149392    0    0    0    0    0    0    0    
86    22.21944265845435    0    0    0    0    0    0    0    
87    21.94037131560114    0    0    0    0    0    0    0    
88    22.290933327981932    0    0    0    0    0    0    0    
89    22.321226722051378    0    0    0    0    0    0    0    
90    21.9806195711259    0    0    0    0    0    0    0    
91    21.85320528581852    0    0    0    0    0    0    0    
92    22.086840280765944    0    0    0    0    0    0    0    
93    21.92106304858578    0    0    0    0    0    0    0    
94    21.435373352226133    0    0    0    0    0    0    0    
95    21.98091547340476    0    0    0    0    0    0    0    
96    22.2429945138541    0    0    0    0    0    0    0    
97    21.708294706099906    0    0    0    0    0    0    0    
98    21.9376033263903    0    0    0    0    0    0    0    
99    22.41072320921449    0    0    0    0    0    0    0    
100    21.971058346650697    0    0    0    0    0    0    0    
101    21.298822680247028    0    0    0    0    0    0    0    
102    22.222153247238676    0    0    0    0    0    0    0    
103    22.063331420250858    0    0    0    0    0    0    0    
104    22.016615026911122    0    0    0    0    0    0    0    
105    21.273922648432894    0    0    0    0    0    0    0    
106    22.318611517572744    0    0    0    0    0    0    0    
107    22.07529577119634    0    0    0    0    0    0    0    
108    22.088702495445258    0    0    0    0    0    0    0    
109    21.807929301218294    0    0    0    0    0    0    0    
110    21.737895774578043    0    0    0    0    0    0    0    
111    22.072448695074353    0    0    0    0    0    0    0    
112    21.752255114186624    0    0    0    0    0    0    0    
113    21.81138910555938    0    0    0    0    0    0    0    
114    22.101751930977937    0    0    0    0    0    0    0    
115    21.448727840808033    0    0    0    0    0    0    0    
116    21.506273327724344    0    0    0    0    0    0    0    
117    21.85772625805205    0    0    0    0    0    0    0    
118    21.89849884178576    0    0    0    0    0    0    0    
119    21.769569141433887    0    0    0    0    0    0    0    
120    21.436897256970084    0    0    0    0    0    0    0    
121    21.99760195148168    0    0    0    0    0    0    0    
122    21.54358953629297    0    0    0    0    0    0    0    
123    21.856489498781055    0    0    0    0    0    0    0    
124    22.34663094446404    0    0    0    0    0    0    0    
125    21.807294134625216    0    0    0    0    0    0    0    
126    22.183293846971374    0    0    0    0    0    0    0    
127    21.686826427002675    0    0    0    0    0    0    0    
128    21.640077982018717    0    0    0    0    0    0    0    
129    21.648569530758888    0    0    0    0    0    0    0    
130    21.743299919434765    0    0    0    0    0    0    0    
131    21.879927385433938    0    0    0    0    0    0    0    
132    22.163113330565906    0    0    0    0    0    0    0    
133    21.590961967922215    0    0    0    0    0    0    0    
134    21.674377266789055    0    0    0    0    0    0    0    
135    21.950778942528586    0    0    0    0    0    0    0    
136    22.11337434330693    0    0    0    0    0    0    0    
137    21.587687629374418    0    0    0    0    0    0    0    
138    21.8090837874611    0    0    0    0    0    0    0    
139    21.890907469221844    0    0    0    0    0    0    0    
140    21.84592860878596    0    0    0    0    0    0    0    
141    21.788350421549485    0    0    0    0    0    0    0    
142    22.064914927768346    0    0    0    0    0    0    0    
143    22.344616627697306    0    0    0    0    0    0    0    
144    22.206080462759406    0    0    0    0    0    0    0    
145    21.730346729669453    0    0    0    0    0    0    0    
146    22.313520763479655    0    0    0    0    0    0    0    
147    21.899875149795445    0    0    0    0    0    0    0    
148    21.809895395193376    0    0    0    0    0    0    0    
149    22.412180767708115    0    0    0    0    0    0    0    
150    22.06909068997863    0    0    0    0    0    0    0    
151    22.11884732582083    0    0    0    0    0    0    0    
152    22.19522760489679    0    0    0    0    0    0    0    
153    21.882982532631118    0    0    0    0    0    0    0    
154    21.978306302319215    0    0    0    0    0    0    0    
155    21.7461346049011    0    0    0    0    0    0    0    
156    21.89494477265669    0    0    0    0    0    0    0    
157    22.00034527353304    0    0    0    0    0    0    0    
158    22.130633190455644    0    0    0    0    0    0    0    
159    21.927777485217284    0    0    0    0    0    0    0    
160    21.816128414276314    0    0    0    0    0    0    0    
161    21.585373629601275    0    0    0    0    0    0    0    
162    21.760674782060864    0    0    0    0    0    0    0    
163    21.88062994476724    0    0    0    0    0    0    0    
164    21.99825464534436    0    0    0    0    0    0    0    
165    22.177754936933525    0    0    0    0    0    0    0    
166    22.402096070768646    0    0    0    0    0    0    0    
167    21.972674222074897    0    0    0    0    0    0    0    
168    22.079279138510053    0    0    0    0    0    0    0    
169    21.91703979131369    0    0    0    0    0    0    0    
170    21.654402616213563    0    0    0    0    0    0    0    
171    22.068919347553862    0    0    0    0    0    0    0    
172    21.994889239998308    0    0    0    0    0    0    0    
173    21.977311308649856    0    0    0    0    0    0    0    
174    22.065397011991408    0    0    0    0    0    0    0    
175    21.781249247116104    0    0    0    0    0    0    0    
176    21.69495589654199    0    0    0    0    0    0    0    
177    22.24972512580988    0    0    0    0    0    0    0    
178    21.817633656757035    0    0    0    0    0    0    0    
179    21.80929459614392    0    0    0    0    0    0    0    
180    21.800860804192475    0    0    0    0    0    0    0    
181    22.213245854350802    0    0    0    0    0    0    0    
182    21.823973448805187    0    0    0    0    0    0    0    
183    22.13977652972193    0    0    0    0    0    0    0    
184    21.641248694963714    0    0    0    0    0    0    0    
185    21.622298878281086    0    0    0    0    0    0    0    
186    21.681039112303925    0    0    0    0    0    0    0    
187    21.934121570516997    0    0    0    0    0    0    0    
188    22.138738757386445    0    0    0    0    0    0    0    
189    21.71485052130905    0    0    0    0    0    0    0    
190    22.13682587234197    0    0    0    0    0    0    0    
191    22.15501920203217    0    0    0    0    0    0    0    
192    21.959565939461747    0    0    0    0    0    0    0    
193    21.693206603924114    0    0    0    0    0    0    0    
194    21.78855116077622    0    0    0    0    0    0    0    
195    21.452160436784038    0    0    0    0    0    0    0    
196    21.726845760686032    0    0    0    0    0    0    0    
197    22.015936840496085    0    0    0    0    0    0    0    
198    21.908030867250382    0    0    0    0    0    0    0    
199    22.096714889170325    0    0    0    0    0    0    0    
200    21.933945702797004    0    0    0    0    0    0    0    
201    22.426408264937372    0    0    0    0    0    0    0    
202    21.481673588272074    0    0    0    0    0    0    0    
203    21.936531636626516    0    0    0    0    0    0    0    
204    21.937512321099035    0    0    0    0    0    0    0    
205    21.87783602380641    0    0    0    0    0    0    0    
206    21.819826079603008    0    0    0    0    0    0    0    
207    21.743940987090884    0    0    0    0    0    0    0    
208    21.901850994840622    0    0    0    0    0    0    0    
209    22.009326188745348    0    0    0    0    0    0    0    
210    22.14866563410783    0    0    0    0    0    0    0    
211    21.508883206951943    0    0    0    0    0    0    0    
212    21.639650018391144    0    0    0    0    0    0    0    
213    21.83522969196264    0    0    0    0    0    0    0    
214    21.261277264243926    0    0    0    0    0    0    0    
215    22.11435502122522    0    0    0    0    0    0    0    
216    21.846626350482005    0    0    0    0    0    0    0    
217    22.43919784085301    0    0    0    0    0    0    0    
218    21.877746577343824    0    0    0    0    0    0    0    
219    21.9315591091083    0    0    0    0    0    0    0    
220    21.45010758848887    0    0    0    0    0    0    0    
221    21.53476834067273    0    0    0    0    0    0    0    
222    22.05976840699918    0    0    0    0    0    0    0    
223    22.29032817273553    0    0    0    0    0    0    0    
224    22.133620143917955    0    0    0    0    0    0    0    
225    22.080624252376314    0    0    0    0    0    0    0    
226    21.796023917638184    0    0    0    0    0    0    0    
227    22.151472796184954    0    0    0    0    0    0    0    
228    21.75666201510908    0    0    0    0    0    0    0    
229    21.969284692268797    0    0    0    0    0    0    0    
230    22.20023057030305    0    0    0    0    0    0    0    
231    21.67491479041345    0    0    0    0    0    0    0    
232    21.8447838237931    0    0    0    0    0    0    0    
233    21.748392015115673    0    0    0    0    0    0    0    
234    21.888254845806024    0    0    0    0    0    0    0    
235    21.643188174468595    0    0    0    0    0    0    0    
236    22.06594365685116    0    0    0    0    0    0    0    
237    22.087086356213643    0    0    0    0    0    0    0    
238    22.017569668653966    0    0    0    0    0    0    0    
239    21.521801958403927    0    0    0    0    0    0    0    
240    21.67942985234927    0    0    0    0    0    0    0    
241    21.375012681453263    0    0    0    0    0    0    0    
242    21.84639819389326    0    0    0    0    0    0    0    
243    21.89338871271991    0    0    0    0    0    0    0    
244    21.604008161843673    0    0    0    0    0    0    0    
245    22.394507236848813    0    0    0    0    0    0    0    
246    21.98177206954232    0    0    0    0    0    0    0    
247    21.654484060757873    0    0    0    0    0    0    0    
248    22.3205329398822    0    0    0    0    0    0    0    
249    21.92720263696874    0    0    0    0    0    0    0    
250    21.991729210885765    0    0    0    0    0    0    0    
251    21.889263293181603    0    0    0    0    0    0    0    
252    21.759265834261786    0    0    0    0    0    0    0    
253    21.82979715524115    0    0    0    0    0    0    0    
254    22.06853910173316    0    0    0    0    0    0    0    
255    21.820633948532016    0    0    0    0    0    0    0    
256    22.157360646892315    0    0    0    0    0    0    0    
257    22.245739092876125    0    0    0    0    0    0    0    
258    21.911646011017936    0    0    0    0    0    0    0    
259    22.064276730172022    0    0    0    0    0    0    0    
260    21.852601329533577    0    0    0    0    0    0    0    
261    21.615537721786477    0    0    0    0    0    0    0    
262    21.67131033288308    0    0    0    0    0    0    0    
263    22.07314281858833    0    0    0    0    0    0    0    
264    21.837645797088847    0    0    0    0    0    0    0    
265    21.795512745541945    0    0    0    0    0    0    0    
266    22.29809083775987    0    0    0    0    0    0    0    
267    21.48960915011292    0    0    0    0    0    0    0    
268    21.495924702818417    0    0    0    0    0    0    0    
269    22.62937114311889    0    0    0    0    0    0    0    
270    22.069376772019965    0    0    0    0    0    0    0    
271    21.36583352278316    0    0    0    0    0    0    0    
272    22.074755435413365    0    0    0    0    0    0    0    
273    21.88186455658105    0    0    0    0    0    0    0    
274    21.934844772338977    0    0    0    0    0    0    0    
275    21.636886237465724    0    0    0    0    0    0    0    
276    22.314015978216567    0    0    0    0    0    0    0    
277    22.29919284183369    0    0    0    0    0    0    0    
278    21.586797341127596    0    0    0    0    0    0    0    
279    22.05211760694886    0    0    0    0    0    0    0    
280    21.994694334405505    0    0    0    0    0    0    0    
281    22.0155820413865    0    0    0    0    0    0    0    
282    21.171186060097384    0    0    0    0    0    0    0    
283    22.12415043896029    0    0    0    0    0    0    0    
284    21.433913393751425    0    0    0    0    0    0    0    
285    22.044939472438525    0    0    0    0    0    0    0    
286    21.971050528383767    0    0    0    0    0    0    0    
287    21.91283367820737    0    0    0    0    0    0    0    
288    22.016867435950598    0    0    0    0    0    0    0    
289    21.987658120853713    0    0    0    0    0    0    0    
290    21.83024581553878    0    0    0    0    0    0    0    
291    22.05417037226119    0    0    0    0    0    0    0    
292    21.695274796410175    0    0    0    0    0    0    0    
293    21.82535330583196    0    0    0    0    0    0    0    
294    22.172862375758136    0    0    0    0    0    0    0    
295    22.403462667745234    0    0    0    0    0    0    0    
296    21.981686161937105    0    0    0    0    0    0    0    
297    21.25968065069955    0    0    0    0    0    0    0    
298    21.784603663893314    0    0    0    0    0    0    0    
299    21.899116839641277    0    0    0    0    0    0    0    
300    21.721217120207967    0    0    0    0    0    0    0    
301    21.900606029423958    0    0    0    0    0    0    0    
302    22.07621007391735    0    0    0    0    0    0    0    
303    21.904840299962466    0    0    0    0    0    0    0    
304    21.846661703010508    0    0    0    0    0    0    0    
305    21.683956687557203    0    0    0    0    0    0    0    
306    21.76411395826373    0    0    0    0    0    0    0    
307    21.267838636839365    0    0    0    0    0    0    0    
308    21.95253941117905    0    0    0    0    0    0    0    
309    22.128913821805256    0    0    0    0    0    0    0    
310    22.095914445656085    0    0    0    0    0    0    0    
311    21.908931967445724    0    0    0    0    0    0    0    
312    21.818111412791726    0    0    0    0    0    0    0    
313    21.610544436737488    0    0    0    0    0    0    0    
314    21.972208289568478    0    0    0    0    0    0    0    
315    21.79786876646215    0    0    0    0    0    0    0    
316    21.92552896094315    0    0    0    0    0    0    0    
317    21.629322351864534    0    0    0    0    0    0    0    
318    21.79755716395909    0    0    0    0    0    0    0    
319    21.821295628267087    0    0    0    0    0    0    0    
320    21.964100635503083    0    0    0    0    0    0    0    
321    21.07011376813286    0    0    0    0    0    0    0    
322    22.27539041420006    0    0    0    0    0    0    0    
323    21.766993369059957    0    0    0    0    0    0    0    
324    21.838796308954038    0    0    0    0    0    0    0    
325    22.265334795234615    0    0    0    0    0    0    0    
326    22.206549097548514    0    0    0    0    0    0    0    
327    22.000956553667837    0    0    0    0    0    0    0    
328    21.92579937439582    0    0    0    0    0    0    0    
329    22.086777654924013    0    0    0    0    0    0    0    
330    21.71560939934322    0    0    0    0    0    0    0    
331    21.953109438170216    0    0    0    0    0    0    0    
332    22.203009809338297    0    0    0    0    0    0    0    
333    21.993882107914583    0    0    0    0    0    0    0    
334    21.491597645312574    0    0    0    0    0    0    0    
335    21.831745930856233    0    0    0    0    0    0    0    
336    21.936590733841175    0    0    0    0    0    0    0    
337    22.06279438156927    0    0    0    0    0    0    0    
338    21.622794504229816    0    0    0    0    0    0    0    
339    21.770533015832473    0    0    0    0    0    0    0    
340    21.543525380778892    0    0    0    0    0    0    0    
341    21.712051348932413    0    0    0    0    0    0    0    
342    22.174625853053197    0    0    0    0    0    0    0    
343    21.828975187167483    0    0    0    0    0    0    0    
344    22.030576547028918    0    0    0    0    0    0    0    
345    21.82190309559537    0    0    0    0    0    0    0    
346    21.658148891191214    0    0    0    0    0    0    0    
347    21.93732918026474    0    0    0    0    0    0    0    
348    21.782221831757393    0    0    0    0    0    0    0    
349    22.11010911228212    0    0    0    0    0    0    0    
350    22.295212328595227    0    0    0    0    0    0    0    
351    21.856986551816206    0    0    0    0    0    0    0    
352    21.338115263718237    0    0    0    0    0    0    0    
353    21.82778559612623    0    0    0    0    0    0    0    
354    21.979822905285463    0    0    0    0    0    0    0    
355    21.87484926572222    0    0    0    0    0    0    0    
356    21.64741916828978    0    0    0    0    0    0    0    
357    22.17473131780585    0    0    0    0    0    0    0    
358    21.555579622243165    0    0    0    0    0    0    0    
359    21.97575676016958    0    0    0    0    0    0    0    
360    22.13314855345664    0    0    0    0    0    0    0    
361    21.833769398458923    0    0    0    0    0    0    0    
362    22.129179193587213    0    0    0    0    0    0    0    
363    21.953546875709502    0    0    0    0    0    0    0    
364    21.345496324661248    0    0    0    0    0    0    0    
365    21.829926084131117    0    0    0    0    0    0    0    
366    21.8807725969037    0    0    0    0    0    0    0    
367    21.80641783315507    0    0    0    0    0    0    0    
368    21.87225451048984    0    0    0    0    0    0    0    
369    21.709387983628933    0    0    0    0    0    0    0    
370    21.750618713786686    0    0    0    0    0    0    0    
371    21.86956513851544    0    0    0    0    0    0    0    
372    21.920311262823958    0    0    0    0    0    0    0    
373    21.92658362381223    0    0    0    0    0    0    0    
374    21.372013556471448    0    0    0    0    0    0    0    
375    22.021452405062615    0    0    0    0    0    0    0    
376    21.216232454118362    0    0    0    0    0    0    0    
377    21.808969703563847    0    0    0    0    0    0    0    
378    21.743145268295763    0    0    0    0    0    0    0    
379    21.989667828526784    0    0    0    0    0    0    0    
380    21.97861369267539    0    0    0    0    0    0    0    
381    21.898103009197623    0    0    0    0    0    0    0    
382    22.214693945257345    0    0    0    0    0    0    0    
383    21.728273555785943    0    0    0    0    0    0    0    
384    21.998759750015946    0    0    0    0    0    0    0    
385    22.356844472600354    0    0    0    0    0    0    0    
386    22.393645097828767    0    0    0    0    0    0    0    
387    21.617018967843293    0    0    0    0    0    0    0    
388    22.01030908311918    0    0    0    0    0    0    0    
389    22.364781502168505    0    0    0    0    0    0    0    
390    22.077276219222778    0    0    0    0    0    0    0    
391    22.148610693122436    0    0    0    0    0    0    0    
392    21.9798011930418    0    0    0    0    0    0    0    
393    22.18656786413485    0    0    0    0    0    0    0    
394    22.2592517105075    0    0    0    0    0    0    0    
395    21.57755308534886    0    0    0    0    0    0    0    
396    22.237525835696374    0    0    0    0    0    0    0    
397    21.73798661677666    0    0    0    0    0    0    0    
398    22.079112815949507    0    0    0    0    0    0    0    
399    22.00792277650429    0    0    0    0    0    0    0    
400    21.818533084564923    0    0    0    0    0    0    0    
401    21.75369064558162    0    0    0    0    0    0    0    
402    22.026080265972652    0    0    0    0    0    0    0    
403    22.51158093500026    0    0    0    0    0    0    0    
404    22.060501261589582    0    0    0    0    0    0    0    
405    21.81893051428159    0    0    0    0    0    0    0    
406    21.88226699097853    0    0    0    0    0    0    0    
407    21.590167767941843    0    0    0    0    0    0    0    
408    21.764150668239413    0    0    0    0    0    0    0    
409    21.981575483878597    0    0    0    0    0    0    0    
410    22.07286763041138    0    0    0    0    0    0    0    
411    21.883561424874223    0    0    0    0    0    0    0    
412    21.511155081935673    0    0    0    0    0    0    0    
413    21.947777230786762    0    0    0    0    0    0    0    
414    22.313838848767254    0    0    0    0    0    0    0    
415    21.531902272381476    0    0    0    0    0    0    0    
416    21.78915171390495    0    0    0    0    0    0    0    
417    22.065382080793952    0    0    0    0    0    0    0    
418    22.139344723915194    0    0    0    0    0    0    0    
419    21.98386479618803    0    0    0    0    0    0    0    
420    22.226347742679735    0    0    0    0    0    0    0    
421    22.194152283304927    0    0    0    0    0    0    0    
422    21.779753519273545    0    0    0    0    0    0    0    
423    22.106259326033832    0    0    0    0    0    0    0    
424    21.76784095898966    0    0    0    0    0    0    0    
425    21.748247475170576    0    0    0    0    0    0    0    
426    22.065604607461392    0    0    0    0    0    0    0    
427    21.632941472080528    0    0    0    0    0    0    0    
428    21.43599559172333    0    0    0    0    0    0    0    
429    21.67623151295773    0    0    0    0    0    0    0    
430    21.602849294427525    0    0    0    0    0    0    0    
431    21.769822842044032    0    0    0    0    0    0    0    
432    22.065228611123374    0    0    0    0    0    0    0    
433    21.910659610230837    0    0    0    0    0    0    0    
434    22.340255887986007    0    0    0    0    0    0    0    
435    21.803910432134334    0    0    0    0    0    0    0    
436    22.101384591091826    0    0    0    0    0    0    0    
437    22.040998408463015    0    0    0    0    0    0    0    
438    21.61002718902767    0    0    0    0    0    0    0    
439    22.07855391302209    0    0    0    0    0    0    0    
440    22.030222916517854    0    0    0    0    0    0    0    
441    22.093498420055404    0    0    0    0    0    0    0    
442    22.131576770785657    0    0    0    0    0    0    0    
443    21.718062485828945    0    0    0    0    0    0    0    
444    21.86228466553294    0    0    0    0    0    0    0    
445    21.887287020770852    0    0    0    0    0    0    0    
446    22.148719723113167    0    0    0    0    0    0    0    
447    21.85740212534168    0    0    0    0    0    0    0    
448    21.613729712605227    0    0    0    0    0    0    0    
449    22.179607448655243    0    0    0    0    0    0    0    
450    21.93072325421037    0    0    0    0    0    0    0    
451    21.883270171668993    0    0    0    0    0    0    0    
452    21.874547287976444    0    0    0    0    0    0    0    
453    22.200249340517967    0    0    0    0    0    0    0    
454    22.18698255047593    0    0    0    0    0    0    0    
455    21.829022952485914    0    0    0    0    0    0    0    
456    22.23202339630248    0    0    0    0    0    0    0    
457    21.850995430152885    0    0    0    0    0    0    0    
458    21.699582040160287    0    0    0    0    0    0    0    
459    21.53596124328734    0    0    0    0    0    0    0    
460    21.75218590095078    0    0    0    0    0    0    0    
461    21.92456492221485    0    0    0    0    0    0    0    
462    21.928664664053844    0    0    0    0    0    0    0    
463    21.444024971418294    0    0    0    0    0    0    0    
464    22.28635282572719    0    0    0    0    0    0    0    
465    21.697694646007886    0    0    0    0    0    0    0    
466    21.921204932199807    0    0    0    0    0    0    0    
467    21.809218231538242    0    0    0    0    0    0    0    
468    22.134151193790633    0    0    0    0    0    0    0    
469    21.594875934668828    0    0    0    0    0    0    0    
470    21.97595354322658    0    0    0    0    0    0    0    
471    21.959611584586327    0    0    0    0    0    0    0    
472    21.495108782140026    0    0    0    0    0    0    0    
473    22.10495811627194    0    0    0    0    0    0    0    
474    21.42943138767145    0    0    0    0    0    0    0    
475    21.903181927851044    0    0    0    0    0    0    0    
476    21.867781397261957    0    0    0    0    0    0    0    
477    21.689533611062213    0    0    0    0    0    0    0    
478    21.774179028587792    0    0    0    0    0    0    0    
479    22.150822793081307    0    0    0    0    0    0    0    
480    21.662191493831347    0    0    0    0    0    0    0    
481    21.78445354216124    0    0    0    0    0    0    0    
482    22.049556229853575    0    0    0    0    0    0    0    
483    21.912886865477457    0    0    0    0    0    0    0    
484    21.63478765861031    0    0    0    0    0    0    0    
485    22.184779634770873    0    0    0    0    0    0    0    
486    21.787187279884403    0    0    0    0    0    0    0    
487    21.67770105245713    0    0    0    0    0    0    0    
488    21.990637435574843    0    0    0    0    0    0    0    
489    22.523639820383455    0    0    0    0    0    0    0    
490    21.822273271979466    0    0    0    0    0    0    0    
491    21.742584298141562    0    0    0    0    0    0    0    
492    21.619709735780297    0    0    0    0    0    0    0    
493    21.54361712538223    0    0    0    0    0    0    0    
494    22.11454553476413    0    0    0    0    0    0    0    
495    22.44048085083149    0    0    0    0    0    0    0    
496    22.018250945985756    0    0    0    0    0    0    0    
497    21.43778753539064    0    0    0    0    0    0    0    
498    21.51714039309879    0    0    0    0    0    0    0    
499    22.170398799472988    0    0    0    0    0    0    0    
500    21.96599605755837    0    0    0    0    0    0    0    
501    21.70873832035949    0    0    0    0    0    0    0    
502    22.171275068730832    0    0    0    0    0    0    0    
503    21.707836919190342    0    0    0    0    0    0    0    
504    21.703001544197082    0    0    0    0    0    0    0    
505    22.50701348364685    0    0    0    0    0    0    0    
506    22.475662188760886    0    0    0    0    0    0    0    
507    22.13314911652944    0    0    0    0    0    0    0    
508    21.856577888320697    0    0    0    0    0    0    0    
509    21.78746425206395    0    0    0    0    0    0    0    
510    22.101970296473922    0    0    0    0    0    0    0    
511    22.1115935823448    0    0    0    0    0    0    0    
512    21.812435560573178    0    0    0    0    0    0    0    
513    21.730298303218927    0    0    0    0    0    0    0    
514    21.688660448218247    0    0    0    0    0    0    0    
515    21.89410436978691    0    0    0    0    0    0    0    
516    22.14740469230145    0    0    0    0    0    0    0    
517    21.663809670760863    0    0    0    0    0    0    0    
518    21.59108521641171    0    0    0    0    0    0    0    
519    21.878324338656707    0    0    0    0    0    0    0    
520    21.903973041116153    0    0    0    0    0    0    0    
521    21.970197836154043    0    0    0    0    0    0    0    
522    21.846818553755917    0    0    0    0    0    0    0    
523    21.949159517857755    0    0    0    0    0    0    0    
524    22.093975827137243    0    0    0    0    0    0    0    
525    22.05406182250111    0    0    0    0    0    0    0    
526    21.609449743739958    0    0    0    0    0    0    0    
527    21.77373261845114    0    0    0    0    0    0    0    
528    22.117111224357977    0    0    0    0    0    0    0    
529    21.705426539154658    0    0    0    0    0    0    0    
530    22.024215344300703    0    0    0    0    0    0    0    
531    21.532651874059503    0    0    0    0    0    0    0    
532    22.150297232278202    0    0    0    0    0    0    0    
533    22.252980264771654    0    0    0    0    0    0    0    
534    22.518750597281745    0    0    0    0    0    0    0    
535    22.08670957514145    0    0    0    0    0    0    0    
536    21.608969222244244    0    0    0    0    0    0    0    
537    21.98006118124445    0    0    0    0    0    0    0    
538    21.80159877474955    0    0    0    0    0    0    0    
539    21.994457587812967    0    0    0    0    0    0    0    
540    22.177018592121858    0    0    0    0    0    0    0    
541    21.41492624543265    0    0    0    0    0    0    0    
542    21.658526418625613    0    0    0    0    0    0    0    
543    21.280265195604862    0    0    0    0    0    0    0    
544    22.225641108030214    0    0    0    0    0    0    0    
545    22.17244007247975    0    0    0    0    0    0    0    
546    21.736627748017764    0    0    0    0    0    0    0    
547    22.08234547598863    0    0    0    0    0    0    0    
548    21.832371852314065    0    0    0    0    0    0    0    
549    21.563001464989867    0    0    0    0    0    0    0    
550    21.839841563581047    0    0    0    0    0    0    0    
551    21.81139551238025    0    0    0    0    0    0    0    
552    21.962306762956814    0    0    0    0    0    0    0    
553    21.57034070035225    0    0    0    0    0    0    0    
554    21.94547595513349    0    0    0    0    0    0    0    
555    21.79099486484185    0    0    0    0    0    0    0    
556    21.427937338735905    0    0    0    0    0    0    0    
557    21.589069886281173    0    0    0    0    0    0    0    
558    21.62776522940295    0    0    0    0    0    0    0    
559    21.846199989109593    0    0    0    0    0    0    0    
560    22.109195478076547    0    0    0    0    0    0    0    
561    22.34017214370102    0    0    0    0    0    0    0    
562    22.04420548277078    0    0    0    0    0    0    0    
563    22.100876350620695    0    0    0    0    0    0    0    
564    21.90920750852434    0    0    0    0    0    0    0    
565    21.53537678715931    0    0    0    0    0    0    0    
566    21.982303125203448    0    0    0    0    0    0    0    
567    21.68831472872182    0    0    0    0    0    0    0    
568    22.287077402605135    0    0    0    0    0    0    0    
569    21.894197535541398    0    0    0    0    0    0    0    
570    22.003705458065184    0    0    0    0    0    0    0    
571    22.074474431065262    0    0    0    0    0    0    0    
572    21.966768809921696    0    0    0    0    0    0    0    
573    22.448704762028093    0    0    0    0    0    0    0    
574    21.85220671425702    0    0    0    0    0    0    0    
575    22.43467889570625    0    0    0    0    0    0    0    
576    21.852586343288163    0    0    0    0    0    0    0    
577    22.179806077785052    0    0    0    0    0    0    0    
578    22.08169615604687    0    0    0    0    0    0    0    
579    21.9554988036232    0    0    0    0    0    0    0    
580    21.644557728827632    0    0    0    0    0    0    0    
581    21.80952470811976    0    0    0    0    0    0    0    
582    21.975574188579582    0    0    0    0    0    0    0    
583    21.90754880683627    0    0    0    0    0    0    0    
584    21.67971144962636    0    0    0    0    0    0    0    
585    22.31012929565986    0    0    0    0    0    0    0    
586    21.91952933383322    0    0    0    0    0    0    0    
587    21.918908357937912    0    0    0    0    0    0    0    
588    21.303590069198975    0    0    0    0    0    0    0    
589    21.675217450441362    0    0    0    0    0    0    0    
590    21.38330143302853    0    0    0    0    0    0    0    
591    22.24641963981509    0    0    0    0    0    0    0    
592    22.104316265211548    0    0    0    0    0    0    0    
593    21.768306332389795    0    0    0    0    0    0    0    
594    21.85367947625577    0    0    0    0    0    0    0    
595    21.83895940102903    0    0    0    0    0    0    0    
596    22.206367107158375    0    0    0    0    0    0    0    
597    22.113562608851375    0    0    0    0    0    0    0    
598    21.809724343672627    0    0    0    0    0    0    0    
599    22.161257721143205    0    0    0    0    0    0    0    
600    21.835900941374838    0    0    0    0    0    0    0    
601    21.73684399734374    0    0    0    0    0    0    0    
602    21.46003901669559    0    0    0    0    0    0    0    
603    21.527207917550175    0    0    0    0    0    0    0    
604    21.96527503157924    0    0    0    0    0    0    0    
605    21.80583397605164    0    0    0    0    0    0    0    
606    22.560214276649543    0    0    0    0    0    0    0    
607    21.963970310344482    0    0    0    0    0    0    0    
608    21.52290033004556    0    0    0    0    0    0    0    
609    22.0359091650018    0    0    0    0    0    0    0    
610    21.388173705670965    0    0    0    0    0    0    0    
611    22.02175289238695    0    0    0    0    0    0    0    
612    21.94921811572581    0    0    0    0    0    0    0    
613    21.764354267313067    0    0    0    0    0    0    0    
614    21.673407877252703    0    0    0    0    0    0    0    
615    22.082335337160853    0    0    0    0    0    0    0    
616    21.486002953628695    0    0    0    0    0    0    0    
617    22.00460774510307    0    0    0    0    0    0    0    
618    21.874873129706145    0    0    0    0    0    0    0    
619    22.09111870202038    0    0    0    0    0    0    0    
620    21.882280338540216    0    0    0    0    0    0    0    
621    22.52151694347304    0    0    0    0    0    0    0    
622    22.069285073363627    0    0    0    0    0    0    0    
623    22.3930287558987    0    0    0    0    0    0    0    
624    22.068827072369547    0    0    0    0    0    0    0    
625    21.32017463373616    0    0    0    0    0    0    0    
626    21.78068631281563    0    0    0    0    0    0    0    
627    21.546997710381216    0    0    0    0    0    0    0    
628    22.015758990460977    0    0    0    0    0    0    0    
629    21.83817299704905    0    0    0    0    0    0    0    
630    21.499520093764406    0    0    0    0    0    0    0    
631    22.097192844240038    0    0    0    0    0    0    0    
632    22.17862288020549    0    0    0    0    0    0    0    
633    21.834365514288848    0    0    0    0    0    0    0    
634    21.72072579374672    0    0    0    0    0    0    0    
635    22.18389501962038    0    0    0    0    0    0    0    
636    21.656673327046047    0    0    0    0    0    0    0    
637    21.822360907625363    0    0    0    0    0    0    0    
638    21.792075509099796    0    0    0    0    0    0    0    
639    22.138755953748607    0    0    0    0    0    0    0    
640    21.72841862770942    0    0    0    0    0    0    0    
641    21.991763427262224    0    0    0    0    0    0    0    
642    21.975005849026243    0    0    0    0    0    0    0    
643    21.794523922367524    0    0    0    0    0    0    0    
644    21.533884162685307    0    0    0    0    0    0    0    
645    22.0390920780337    0    0    0    0    0    0    0    
646    22.00269414626019    0    0    0    0    0    0    0    
647    21.491245427213727    0    0    0    0    0    0    0    
648    21.79326899261471    0    0    0    0    0    0    0    
649    21.778596557368886    0    0    0    0    0    0    0    
650    21.903747079166614    0    0    0    0    0    0    0    
651    21.923667790085684    0    0    0    0    0    0    0    
652    22.383737860240633    0    0    0    0    0    0    0    
653    21.876978651655598    0    0    0    0    0    0    0    
654    21.840195782653765    0    0    0    0    0    0    0    
655    22.064372564516596    0    0    0    0    0    0    0    
656    22.17213909373258    0    0    0    0    0    0    0    
657    21.949038692949266    0    0    0    0    0    0    0    
658    21.84180958021464    0    0    0    0    0    0    0    
659    21.488822398053568    0    0    0    0    0    0    0    