! OpenFAST Deterministic Wind File
#
# Comment lines begin with "!" or "#" or "%", then the data lines must contain the following columns:
#
# If there are only 8 columns, upflow is assumed to be 0.
#
# Parameters are interpolated linearly between time steps; using nearest neighbor before the first time 
# listed in this file and after the last time listed in the file. 
#
! Time     Wind    Wind    Vertical    Horiz.      Pwr.Law     Lin.Vert.   Gust     Upflow
!          Speed   Dir     Speed       Shear       Vert.Shr    Shear       Speed    Angle 
! (sec)    (m/s)   (Deg)   (m/s)                                            (m/s)   (deg)
0    20.82844463828536    0    0    0    0    0    0    0    
1    22.13081282961729    0    0    0    0    0    0    0    
2    21.71672483938791    0    0    0    0    0    0    0    
3    21.18515924035954    0    0    0    0    0    0    0    
4    21.578020324699523    0    0    0    0    0    0    0    
5    19.466660506610605    0    0    0    0    0    0    0    
6    21.275636937400513    0    0    0    0    0    0    0    
7    23.178304443247026    0    0    0    0    0    0    0    
8    21.14069440123931    0    0    0    0    0    0    0    
9    21.381030055554476    0    0    0    0    0    0    0    
10    21.18861264579103    0    0    0    0    0    0    0    
11    20.98419799421415    0    0    0    0    0    0    0    
12    20.852375308094313    0    0    0    0    0    0    0    
13    20.920350488643955    0    0    0    0    0    0    0    
14    20.973432077970564    0    0    0    0    0    0    0    
15    22.258512154422206    0    0    0    0    0    0    0    
16    21.79704666812383    0    0    0    0    0    0    0    
17    20.111060972556817    0    0    0    0    0    0    0    
18    19.733735575508717    0    0    0    0    0    0    0    
19    20.243547382122458    0    0    0    0    0    0    0    
20    20.358703447253195    0    0    0    0    0    0    0    
21    20.939976325852797    0    0    0    0    0    0    0    
22    20.535466159098082    0    0    0    0    0    0    0    
23    22.159008698437166    0    0    0    0    0    0    0    
24    20.85374073310644    0    0    0    0    0    0    0    
25    21.266948049764746    0    0    0    0    0    0    0    
26    20.095154254420954    0    0    0    0    0    0    0    
27    21.527535677177905    0    0    0    0    0    0    0    
28    22.267232356117464    0    0    0    0    0    0    0    
29    21.522271530211675    0    0    0    0    0    0    0    
30    20.48195615916804    0    0    0    0    0    0    0    
31    22.468912197719057    0    0    0    0    0    0    0    
32    22.325924185470274    0    0    0    0    0    0    0    
33    21.4066188480467    0    0    0    0    0    0    0    
34    21.504579002830884    0    0    0    0    0    0    0    
35    19.9782977818057    0    0    0    0    0    0    0    
36    21.285694045684046    0    0    0    0    0    0    0    
37    22.710180962255492    0    0    0    0    0    0    0    
38    21.829786466223243    0    0    0    0    0    0    0    
39    20.414445118224247    0    0    0    0    0    0    0    
40    21.379784479843305    0    0    0    0    0    0    0    
41    20.879979401780535    0    0    0    0    0    0    0    
42    20.08963072365369    0    0    0    0    0    0    0    
43    20.682071091729405    0    0    0    0    0    0    0    
44    21.298432290718303    0    0    0    0    0    0    0    
45    21.217159812541038    0    0    0    0    0    0    0    
46    21.11837207355835    0    0    0    0    0    0    0    
47    20.335841111055224    0    0    0    0    0    0    0    
48    21.115371404742397    0    0    0    0    0    0    0    
49    21.546519347962306    0    0    0    0    0    0    0    
50    21.115803825846736    0    0    0    0    0    0    0    
51    21.808570929189226    0    0    0    0    0    0    0    
52    22.414409674634065    0    0    0    0    0    0    0    
53    20.023463229117464    0    0    0    0    0    0    0    
54    21.20087352339303    0    0    0    0    0    0    0    
55    22.0359096421791    0    0    0    0    0    0    0    
56    19.494575027325943    0    0    0    0    0    0    0    
57    22.54112342037537    0    0    0    0    0    0    0    
58    19.701533744166095    0    0    0    0    0    0    0    
59    21.749912057317317    0    0    0    0    0    0    0    
60    21.837206980240566    0    0    0    0    0    0    0    
61    20.621282178893946    0    0    0    0    0    0    0    
62    20.422525399626952    0    0    0    0    0    0    0    
63    21.11847992566453    0    0    0    0    0    0    0    
64    21.86542258778601    0    0    0    0    0    0    0    
65    21.869863337775197    0    0    0    0    0    0    0    
66    21.15532916428625    0    0    0    0    0    0    0    
67    21.654991787285972    0    0    0    0    0    0    0    
68    21.013837366517194    0    0    0    0    0    0    0    
69    21.491260249030873    0    0    0    0    0    0    0    
70    21.24236647263183    0    0    0    0    0    0    0    
71    21.309769296116407    0    0    0    0    0    0    0    
72    21.767847420635054    0    0    0    0    0    0    0    
73    21.19556662386365    0    0    0    0    0    0    0    
74    21.1069998747413    0    0    0    0    0    0    0    
75    21.267792637138644    0    0    0    0    0    0    0    
76    22.923546019539348    0    0    0    0    0    0    0    
77    21.62368414169849    0    0    0    0    0    0    0    
78    19.6868495384223    0    0    0    0    0    0    0    
79    20.57330976382642    0    0    0    0    0    0    0    
80    20.74403577427057    0    0    0    0    0    0    0    
81    21.086767440079875    0    0    0    0    0    0    0    
82    22.722904942188286    0    0    0    0    0    0    0    
83    22.068508075803962    0    0    0    0    0    0    0    
84    21.06735185155293    0    0    0    0    0    0    0    
85    21.05501594087989    0    0    0    0    0    0    0    
86    21.878409487066808    0    0    0    0    0    0    0    
87    21.09882378207602    0    0    0    0    0    0    0    
88    19.869759448212594    0    0    0    0    0    0    0    
89    21.496859199819983    0    0    0    0    0    0    0    
90    21.08592907759499    0    0    0    0    0    0    0    
91    22.24365084944279    0    0    0    0    0    0    0    
92    18.947565323619248    0    0    0    0    0    0    0    
93    22.89419880727395    0    0    0    0    0    0    0    
94    20.767894457246683    0    0    0    0    0    0    0    
95    20.46933776714607    0    0    0    0    0    0    0    
96    20.890769536720313    0    0    0    0    0    0    0    
97    21.88794339982036    0    0    0    0    0    0    0    
98    21.0817249726057    0    0    0    0    0    0    0    
99    20.665751058679838    0    0    0    0    0    0    0    
100    20.921191568091785    0    0    0    0    0    0    0    
101    20.44028275595198    0    0    0    0    0    0    0    
102    22.502307799206697    0    0    0    0    0    0    0    
103    21.42927545555518    0    0    0    0    0    0    0    
104    21.382563947878904    0    0    0    0    0    0    0    
105    20.688139565904265    0    0    0    0    0    0    0    
106    20.98769417688245    0    0    0    0    0    0    0    
107    20.932290458285667    0    0    0    0    0    0    0    
108    20.64240182328057    0    0    0    0    0    0    0    
109    22.42926760011072    0    0    0    0    0    0    0    
110    21.668023886725194    0    0    0    0    0    0    0    
111    21.641044917523477    0    0    0    0    0    0    0    
112    21.493611334753595    0    0    0    0    0    0    0    
113    20.134543950432153    0    0    0    0    0    0    0    
114    21.636300106209454    0    0    0    0    0    0    0    
115    21.142614640636435    0    0    0    0    0    0    0    
116    20.484153672222547    0    0    0    0    0    0    0    
117    21.13800288224459    0    0    0    0    0    0    0    
118    20.701297817651486    0    0    0    0    0    0    0    
119    20.473676713795328    0    0    0    0    0    0    0    
120    22.331394428457585    0    0    0    0    0    0    0    
121    21.40569101282055    0    0    0    0    0    0    0    
122    20.961654382349526    0    0    0    0    0    0    0    
123    21.49698585869917    0    0    0    0    0    0    0    
124    21.593405918437696    0    0    0    0    0    0    0    
125    22.201290511937415    0    0    0    0    0    0    0    
126    20.58480292979388    0    0    0    0    0    0    0    
127    20.956565183957927    0    0    0    0    0    0    0    
128    22.235657389180435    0    0    0    0    0    0    0    
129    20.779647353412876    0    0    0    0    0    0    0    
130    22.25329557237492    0    0    0    0    0    0    0    
131    21.124759154959136    0    0    0    0    0    0    0    
132    22.409223706753508    0    0    0    0    0    0    0    
133    21.50569647796805    0    0    0    0    0    0    0    
134    22.56975746386253    0    0    0    0    0    0    0    
135    22.619825319183434    0    0    0    0    0    0    0    
136    21.674778653167785    0    0    0    0    0    0    0    
137    21.417114913448824    0    0    0    0    0    0    0    
138    21.680513767336954    0    0    0    0    0    0    0    
139    21.489918264863825    0    0    0    0    0    0    0    
140    20.868052080608617    0    0    0    0    0    0    0    
141    21.339359923502137    0    0    0    0    0    0    0    
142    22.32523095129569    0    0    0    0    0    0    0    
143    21.38211210251035    0    0    0    0    0    0    0    
144    20.984544610270927    0    0    0    0    0    0    0    
145    21.221870496334756    0    0    0    0    0    0    0    
146    20.835469576943982    0    0    0    0    0    0    0    
147    21.119380444045134    0    0    0    0    0    0    0    
148    19.657567433254826    0    0    0    0    0    0    0    
149    22.26074766036958    0    0    0    0    0    0    0    
150    20.01189831912952    0    0    0    0    0    0    0    
151    21.59096593045308    0    0    0    0    0    0    0    
152    22.62966528223344    0    0    0    0    0    0    0    
153    21.486223051604224    0    0    0    0    0    0    0    
154    21.860207941691556    0    0    0    0    0    0    0    
155    21.202055289608577    0    0    0    0    0    0    0    
156    22.42434577087088    0    0    0    0    0    0    0    
157    21.869011677839676    0    0    0    0    0    0    0    
158    21.965688854115584    0    0    0    0    0    0    0    
159    21.43087973601198    0    0    0    0    0    0    0    
160    20.346645631963042    0    0    0    0    0    0    0    
161    22.01134944333548    0    0    0    0    0    0    0    
162    20.737113988796235    0    0    0    0    0    0    0    
163    20.556200922969822    0    0    0    0    0    0    0    
164    20.714611921742588    0    0    0    0    0    0    0    
165    20.32220947001552    0    0    0    0    0    0    0    
166    21.649625965001206    0    0    0    0    0    0    0    
167    20.505762006959742    0    0    0    0    0    0    0    
168    21.70317297719791    0    0    0    0    0    0    0    
169    21.63283264399328    0    0    0    0    0    0    0    
170    19.71146087150261    0    0    0    0    0    0    0    
171    20.339865772956024    0    0    0    0    0    0    0    
172    22.54615185083237    0    0    0    0    0    0    0    
173    21.011565838665167    0    0    0    0    0    0    0    
174    20.507514450352122    0    0    0    0    0    0    0    
175    21.37683892695199    0    0    0    0    0    0    0    
176    20.98176453653282    0    0    0    0    0    0    0    
177    21.15504956655845    0    0    0    0    0    0    0    
178    21.17134235389024    0    0    0    0    0    0    0    
179    21.038211273001235    0    0    0    0    0    0    0    
180    21.474459331532344    0    0    0    0    0    0    0    
181    22.374682300583657    0    0    0    0    0    0    0    
182    21.296001171583775    0    0    0    0    0    0    0    
183    20.98601628360345    0    0    0    0    0    0    0    
184    20.642728818048244    0    0    0    0    0    0    0    
185    19.814811571743615    0    0    0    0    0    0    0    
186    21.83395800881079    0    0    0    0    0    0    0    
187    20.884367639627012    0    0    0    0    0    0    0    
188    22.691024519687907    0    0    0    0    0    0    0    
189    21.45533271329719    0    0    0    0    0    0    0    
190    20.65733672888393    0    0    0    0    0    0    0    
191    21.937562994249415    0    0    0    0    0    0    0    
192    22.78493380060877    0    0    0    0    0    0    0    
193    22.38656238535004    0    0    0    0    0    0    0    
194    21.015056009851786    0    0    0    0    0    0    0    
195    20.575763336515156    0    0    0    0    0    0    0    
196    21.96975321004747    0    0    0    0    0    0    0    
197    20.280959539637774    0    0    0    0    0    0    0    
198    21.39587319707455    0    0    0    0    0    0    0    
199    20.872453627536164    0    0    0    0    0    0    0    
200    21.43350341792666    0    0    0    0    0    0    0    
201    20.97784944353624    0    0    0    0    0    0    0    
202    21.051311087761295    0    0    0    0    0    0    0    
203    21.401949280741064    0    0    0    0    0    0    0    
204    19.99669843010393    0    0    0    0    0    0    0    
205    22.373738391048782    0    0    0    0    0    0    0    
206    20.94848525246516    0    0    0    0    0    0    0    
207    19.623239958888064    0    0    0    0    0    0    0    
208    20.54814582696684    0    0    0    0    0    0    0    
209    19.827680563045597    0    0    0    0    0    0    0    
210    20.51893400591217    0    0    0    0    0    0    0    
211    21.39346680276339    0    0    0    0    0    0    0    
212    20.130360196005395    0    0    0    0    0    0    0    
213    21.14706382878867    0    0    0    0    0    0    0    
214    21.680649597640212    0    0    0    0    0    0    0    
215    21.638913412172677    0    0    0    0    0    0    0    
216    20.697931499557807    0    0    0    0    0    0    0    
217    20.591598513391773    0    0    0    0    0    0    0    
218    20.857770869071246    0    0    0    0    0    0    0    
219    21.21083569031907    0    0    0    0    0    0    0    
220    21.82126517208951    0    0    0    0    0    0    0    
221    21.669159178633087    0    0    0    0    0    0    0    
222    22.799190354433485    0    0    0    0    0    0    0    
223    21.372976334628603    0    0    0    0    0    0    0    
224    20.252784582779494    0    0    0    0    0    0    0    
225    22.22950533579236    0    0    0    0    0    0    0    
226    20.71112807916228    0    0    0    0    0    0    0    
227    21.73780636960594    0    0    0    0    0    0    0    
228    21.51662777946475    0    0    0    0    0    0    0    
229    20.96794109588939    0    0    0    0    0    0    0    
230    21.362038899589006    0    0    0    0    0    0    0    
231    21.006906433657083    0    0    0    0    0    0    0    
232    20.667690161641257    0    0    0    0    0    0    0    
233    21.34287131521687    0    0    0    0    0    0    0    
234    20.155526632885817    0    0    0    0    0    0    0    
235    20.939771030185334    0    0    0    0    0    0    0    
236    20.011769615563907    0    0    0    0    0    0    0    
237    20.526144164729    0    0    0    0    0    0    0    
238    21.147617320216057    0    0    0    0    0    0    0    
239    22.28317494834205    0    0    0    0    0    0    0    
240    23.011528190859888    0    0    0    0    0    0    0    
241    21.71588163529006    0    0    0    0    0    0    0    
242    20.850189149935257    0    0    0    0    0    0    0    
243    20.813120265902256    0    0    0    0    0    0    0    
244    21.53139036151877    0    0    0    0    0    0    0    
245    22.223815369800224    0    0    0    0    0    0    0    
246    21.048440565797993    0    0    0    0    0    0    0    
247    22.44084104185483    0    0    0    0    0    0    0    
248    20.619534069672405    0    0    0    0    0    0    0    
249    21.095436651346493    0    0    0    0    0    0    0    
250    20.34686108117763    0    0    0    0    0    0    0    
251    20.978907886518254    0    0    0    0    0    0    0    
252    21.440751524587842    0    0    0    0    0    0    0    
253    19.74403262767688    0    0    0    0    0    0    0    
254    20.767505940557136    0    0    0    0    0    0    0    
255    21.23920087649363    0    0    0    0    0    0    0    
256    22.90814553954043    0    0    0    0    0    0    0    
257    21.58716597254425    0    0    0    0    0    0    0    
258    21.200614573562543    0    0    0    0    0    0    0    
259    20.00804596734538    0    0    0    0    0    0    0    
260    22.05385350900783    0    0    0    0    0    0    0    
261    21.57059124025567    0    0    0    0    0    0    0    
262    18.993563162359457    0    0    0    0    0    0    0    
263    20.900176351998393    0    0    0    0    0    0    0    
264    20.601617638077588    0    0    0    0    0    0    0    
265    21.12996638483075    0    0    0    0    0    0    0    
266    21.22054671507609    0    0    0    0    0    0    0    
267    21.077467955360706    0    0    0    0    0    0    0    
268    20.45098208442969    0    0    0    0    0    0    0    
269    21.88775352919715    0    0    0    0    0    0    0    
270    21.235363257399957    0    0    0    0    0    0    0    
271    20.989287355578952    0    0    0    0    0    0    0    
272    20.9771980754247    0    0    0    0    0    0    0    
273    21.229880860792086    0    0    0    0    0    0    0    
274    21.766441687516995    0    0    0    0    0    0    0    
275    22.13480009706268    0    0    0    0    0    0    0    
276    21.24525364045711    0    0    0    0    0    0    0    
277    21.070285908272936    0    0    0    0    0    0    0    
278    21.740862930945756    0    0    0    0    0    0    0    
279    22.83766518435921    0    0    0    0    0    0    0    
280    22.311880390286785    0    0    0    0    0    0    0    
281    21.324953319258206    0    0    0    0    0    0    0    
282    20.77229066491437    0    0    0    0    0    0    0    
283    21.120142187353714    0    0    0    0    0    0    0    
284    20.607042598669317    0    0    0    0    0    0    0    
285    22.386090168914198    0    0    0    0    0    0    0    
286    20.872128694275617    0    0    0    0    0    0    0    
287    20.782047162931086    0    0    0    0    0    0    0    
288    22.996232472595217    0    0    0    0    0    0    0    
289    21.065129043528945    0    0    0    0    0    0    0    
290    23.573683083883772    0    0    0    0    0    0    0    
291    21.28210276937508    0    0    0    0    0    0    0    
292    21.022987642981352    0    0    0    0    0    0    0    
293    21.303617843016497    0    0    0    0    0    0    0    
294    21.421355626891142    0    0    0    0    0    0    0    
295    21.08619697981311    0    0    0    0    0    0    0    
296    20.392637590976182    0    0    0    0    0    0    0    
297    21.299147848830096    0    0    0    0    0    0    0    
298    21.277687214531017    0    0    0    0    0    0    0    
299    22.089018352887177    0    0    0    0    0    0    0    
300    20.31519788438346    0    0    0    0    0    0    0    
301    21.159293298244595    0    0    0    0    0    0    0    
302    20.188226285272872    0    0    0    0    0    0    0    
303    22.50542732706805    0    0    0    0    0    0    0    
304    20.472041093007867    0    0    0    0    0    0    0    
305    22.656671921881717    0    0    0    0    0    0    0    
306    21.366302351961757    0    0    0    0    0    0    0    
307    22.31574137203316    0    0    0    0    0    0    0    
308    20.958473826428534    0    0    0    0    0    0    0    
309    21.343461408526    0    0    0    0    0    0    0    
310    20.52121937208079    0    0    0    0    0    0    0    
311    21.392632288273322    0    0    0    0    0    0    0    
312    22.62107993425491    0    0    0    0    0    0    0    
313    21.01225734809074    0    0    0    0    0    0    0    
314    19.858789083237433    0    0    0    0    0    0    0    
315    20.489201556483447    0    0    0    0    0    0    0    
316    21.550825220683638    0    0    0    0    0    0    0    
317    21.643125694528216    0    0    0    0    0    0    0    
318    20.988094793653445    0    0    0    0    0    0    0    
319    21.371178552100034    0    0    0    0    0    0    0    
320    21.51064443382662    0    0    0    0    0    0    0    
321    21.890790872162718    0    0    0    0    0    0    0    
322    21.538253025889386    0    0    0    0    0    0    0    
323    21.950146895108286    0    0    0    0    0    0    0    
324    22.82877206642435    0    0    0    0    0    0    0    
325    22.27935500699094    0    0    0    0    0    0    0    
326    20.758447145046382    0    0    0    0    0    0    0    
327    20.759832275722225    0    0    0    0    0    0    0    
328    20.504914848931236    0    0    0    0    0    0    0    
329    21.024680382613766    0    0    0    0    0    0    0    
330    21.874962309375924    0    0    0    0    0    0    0    
331    21.223127798998892    0    0    0    0    0    0    0    
332    21.847422148530946    0    0    0    0    0    0    0    
333    20.825283659404267    0    0    0    0    0    0    0    
334    21.315960282587323    0    0    0    0    0    0    0    
335    20.24155078561647    0    0    0    0    0    0    0    
336    21.909546651983554    0    0    0    0    0    0    0    
337    20.792211683301918    0    0    0    0    0    0    0    
338    20.32305892430461    0    0    0    0    0    0    0    
339    21.286870513108827    0    0    0    0    0    0    0    
340    21.875654461140694    0    0    0    0    0    0    0    
341    20.81637274763097    0    0    0    0    0    0    0    
342    19.531139957159905    0    0    0    0    0    0    0    
343    19.643552225443216    0    0    0    0    0    0    0    
344    21.505863103782378    0    0    0    0    0    0    0    
345    22.018090565985517    0    0    0    0    0    0    0    
346    20.533419206181623    0    0    0    0    0    0    0    
347    20.832396859201886    0    0    0    0    0    0    0    
348    22.201276257092577    0    0    0    0    0    0    0    
349    23.40613748389409    0    0    0    0    0    0    0    
350    22.07004941870227    0    0    0    0    0    0    0    
351    20.70104114281027    0    0    0    0    0    0    0    
352    21.197383956524703    0    0    0    0    0    0    0    
353    21.37849148630563    0    0    0    0    0    0    0    
354    20.41247907847132    0    0    0    0    0    0    0    
355    22.81653874415067    0    0    0    0    0    0    0    
356    21.990742308922936    0    0    0    0    0    0    0    
357    19.298476498930334    0    0    0    0    0    0    0    
358    21.63985111705025    0    0    0    0    0    0    0    
359    22.10173256217783    0    0    0    0    0    0    0    
360    20.735019122014215    0    0    0    0    0    0    0    
361    21.32417216161582    0    0    0    0    0    0    0    
362    21.522445687708032    0    0    0    0    0    0    0    
363    22.511787328977036    0    0    0    0    0    0    0    
364    19.01386073867012    0    0    0    0    0    0    0    
365    21.166624748082743    0    0    0    0    0    0    0    
366    19.917131306230313    0    0    0    0    0    0    0    
367    23.160083271779442    0    0    0    0    0    0    0    
368    20.871283696622186    0    0    0    0    0    0    0    
369    21.787054180907585    0    0    0    0    0    0    0    
370    21.39658145372772    0    0    0    0    0    0    0    
371    20.6682359267874    0    0    0    0    0    0    0    
372    22.03341850970299    0    0    0    0    0    0    0    
373    20.943722031501288    0    0    0    0    0    0    0    
374    19.862627031549614    0    0    0    0    0    0    0    
375    21.098718332781665    0    0    0    0    0    0    0    
376    21.130986503845588    0    0    0    0    0    0    0    
377    20.720737654870927    0    0    0    0    0    0    0    
378    21.93014634641568    0    0    0    0    0    0    0    
379    21.78523265066774    0    0    0    0    0    0    0    
380    21.445759338745493    0    0    0    0    0    0    0    
381    20.91101101470796    0    0    0    0    0    0    0    
382    19.60529566798935    0    0    0    0    0    0    0    
383    19.610953656899703    0    0    0    0    0    0    0    
384    20.867682084553447    0    0    0    0    0    0    0    
385    21.93005316372617    0    0    0    0    0    0    0    
386    22.01660193049138    0    0    0    0    0    0    0    
387    20.67203503991098    0    0    0    0    0    0    0    
388    21.08876473166394    0    0    0    0    0    0    0    
389    21.864780856995946    0    0    0    0    0    0    0    
390    21.067464356450177    0    0    0    0    0    0    0    
391    20.16871831839879    0    0    0    0    0    0    0    
392    20.928953684405187    0    0    0    0    0    0    0    
393    21.477062765230595    0    0    0    0    0    0    0    
394    20.17574580275594    0    0    0    0    0    0    0    
395    20.504101851635006    0    0    0    0    0    0    0    
396    20.02457610498944    0    0    0    0    0    0    0    
397    20.980041108954126    0    0    0    0    0    0    0    
398    21.718940281932195    0    0    0    0    0    0    0    
399    20.58824910340912    0    0    0    0    0    0    0    
400    21.027516255754588    0    0    0    0    0    0    0    
401    21.03314722828465    0    0    0    0    0    0    0    
402    20.102646914227645    0    0    0    0    0    0    0    
403    21.77937657075616    0    0    0    0    0    0    0    
404    21.795154878394996    0    0    0    0    0    0    0    
405    22.5071931493815    0    0    0    0    0    0    0    
406    21.774252603171448    0    0    0    0    0    0    0    
407    20.653120971435094    0    0    0    0    0    0    0    
408    20.38671654878181    0    0    0    0    0    0    0    
409    21.23225571071399    0    0    0    0    0    0    0    
410    20.56720780186966    0    0    0    0    0    0    0    
411    20.437569439199684    0    0    0    0    0    0    0    
412    21.565092778829772    0    0    0    0    0    0    0    
413    21.90243879254729    0    0    0    0    0    0    0    
414    19.75302656458409    0    0    0    0    0    0    0    
415    21.458325700343032    0    0    0    0    0    0    0    
416    21.521255967825528    0    0    0    0    0    0    0    
417    21.273599122710195    0    0    0    0    0    0    0    
418    22.292524439887924    0    0    0    0    0    0    0    
419    20.53640872364458    0    0    0    0    0    0    0    
420    21.284165156728786    0    0    0    0    0    0    0    
421    20.618753783822893    0    0    0    0    0    0    0    
422    20.72044165687909    0    0    0    0    0    0    0    
423    21.431886425520243    0    0    0    0    0    0    0    
424    21.20568600871201    0    0    0    0    0    0    0    
425    21.463886598567708    0    0    0    0    0    0    0    
426    20.599041817197236    0    0    0    0    0    0    0    
427    21.846484727797133    0    0    0    0    0    0    0    
428    21.48682150288959    0    0    0    0    0    0    0    
429    22.037947712441778    0    0    0    0    0    0    0    
430    20.90821250659088    0    0    0    0    0    0    0    
431    21.47134622260578    0    0    0    0    0    0    0    
432    21.334891169794133    0    0    0    0    0    0    0    
433    21.198860247545838    0    0    0    0    0    0    0    
434    20.99499944587674    0    0    0    0    0    0    0    
435    22.56670511259023    0    0    0    0    0    0    0    
436    21.054563046610266    0    0    0    0    0    0    0    
437    21.351346103727796    0    0    0    0    0    0    0    
438    20.913696374473062    0    0    0    0    0    0    0    
439    21.085835040470347    0    0    0    0    0    0    0    
440    21.837034429929375    0    0    0    0    0    0    0    
441    21.050301675410843    0    0    0    0    0    0    0    
442    20.68711273475532    0    0    0    0    0    0    0    
443    21.5866081429234    0    0    0    0    0    0    0    
444    20.965079437556682    0    0    0    0    0    0    0    
445    21.741720453257322    0    0    0    0    0    0    0    
446    21.808507040573673    0    0    0    0    0    0    0    
447    20.981761035713447    0    0    0    0    0    0    0    
448    20.023837246568533    0    0    0    0    0    0    0    
449    20.57545885143701    0    0    0    0    0    0    0    
450    20.092770649564436    0    0    0    0    0    0    0    
451    20.902549188445533    0    0    0    0    0    0    0    
452    22.047341279046822    0    0    0    0    0    0    0    
453    20.466798680965073    0    0    0    0    0    0    0    
454    21.46608751220891    0    0    0    0    0    0    0    
455    20.508415352693408    0    0    0    0    0    0    0    
456    21.55495664252957    0    0    0    0    0    0    0    
457    21.06664416283128    0    0    0    0    0    0    0    
458    21.25003272036853    0    0    0    0    0    0    0    
459    20.531935289582425    0    0    0    0    0    0    0    
460    22.03755001096785    0    0    0    0    0    0    0    
461    21.63919946940072    0    0    0    0    0    0    0    
462    21.662351363581386    0    0    0    0    0    0    0    
463    22.316194411441316    0    0    0    0    0    0    0    
464    20.78647374136339    0    0    0    0    0    0    0    
465    20.91627828688744    0    0    0    0    0    0    0    
466    21.342355545431353    0    0    0    0    0    0    0    
467    21.545028744074404    0    0    0    0    0    0    0    
468    21.23187070298672    0    0    0    0    0    0    0    
469    21.746494411402477    0    0    0    0    0    0    0    
470    19.336410377936872    0    0    0    0    0    0    0    
471    21.388002187962826    0    0    0    0    0    0    0    
472    20.98978478248932    0    0    0    0    0    0    0    
473    20.76937047881837    0    0    0    0    0    0    0    
474    20.520136473536276    0    0    0    0    0    0    0    
475    21.694599361313916    0    0    0    0    0    0    0    
476    21.680458031416755    0    0    0    0    0    0    0    
477    21.11226883747521    0    0    0    0    0    0    0    
478    19.20361994633919    0    0    0    0    0    0    0    
479    22.509898234866103    0    0    0    0    0    0    0    
480    22.202980280017137    0    0    0    0    0    0    0    
481    21.347885699696548    0    0    0    0    0    0    0    
482    21.150076902883846    0    0    0    0    0    0    0    
483    22.862364690819103    0    0    0    0    0    0    0    
484    21.04681337976314    0    0    0    0    0    0    0    
485    20.964924365893516    0    0    0    0    0    0    0    
486    20.45954997402612    0    0    0    0    0    0    0    
487    22.15816251780319    0    0    0    0    0    0    0    
488    21.158559807037307    0    0    0    0    0    0    0    
489    21.440222426217236    0    0    0    0    0    0    0    
490    19.891384718396377    0    0    0    0    0    0    0    
491    20.719613961353303    0    0    0    0    0    0    0    
492    19.798526164932955    0    0    0    0    0    0    0    
493    22.10800490769346    0    0    0    0    0    0    0    
494    22.078942870807534    0    0    0    0    0    0    0    
495    21.506255364835912    0    0    0    0    0    0    0    
496    21.546433689847184    0    0    0    0    0    0    0    
497    21.74671948413156    0    0    0    0    0    0    0    
498    21.325180035935052    0    0    0    0    0    0    0    
499    22.26493739526235    0    0    0    0    0    0    0    
500    20.90495707771166    0    0    0    0    0    0    0    
501    20.727684341514365    0    0    0    0    0    0    0    
502    21.363438625418155    0    0    0    0    0    0    0    
503    21.811145813285332    0    0    0    0    0    0    0    
504    21.231012912643564    0    0    0    0    0    0    0    
505    19.710259386785037    0    0    0    0    0    0    0    
506    20.526552881400107    0    0    0    0    0    0    0    
507    21.237782382001587    0    0    0    0    0    0    0    
508    21.721841926857334    0    0    0    0    0    0    0    
509    21.887452823635677    0    0    0    0    0    0    0    
510    21.507892369336805    0    0    0    0    0    0    0    
511    20.733139856474573    0    0    0    0    0    0    0    
512    20.45132514443664    0    0    0    0    0    0    0    
513    21.24961321560722    0    0    0    0    0    0    0    
514    20.009617276603834    0    0    0    0    0    0    0    
515    22.440586417309127    0    0    0    0    0    0    0    
516    21.534725052596848    0    0    0    0    0    0    0    
517    20.59001193361901    0    0    0    0    0    0    0    
518    20.654258356901614    0    0    0    0    0    0    0    
519    21.04447948963837    0    0    0    0    0    0    0    
520    21.196448404334316    0    0    0    0    0    0    0    
521    21.410967022833745    0    0    0    0    0    0    0    
522    21.468219191046263    0    0    0    0    0    0    0    
523    21.451275970541335    0    0    0    0    0    0    0    
524    21.43992958840003    0    0    0    0    0    0    0    
525    21.374010159762793    0    0    0    0    0    0    0    
526    21.212990382942632    0    0    0    0    0    0    0    
527    21.022483525973563    0    0    0    0    0    0    0    
528    21.024392857424075    0    0    0    0    0    0    0    
529    21.334817213456148    0    0    0    0    0    0    0    
530    21.593304270992586    0    0    0    0    0    0    0    
531    21.057812860250216    0    0    0    0    0    0    0    
532    21.257567183335937    0    0    0    0    0    0    0    
533    21.777747755038583    0    0    0    0    0    0    0    
534    20.74882056726302    0    0    0    0    0    0    0    
535    21.658096419435918    0    0    0    0    0    0    0    
536    20.851177598562217    0    0    0    0    0    0    0    
537    21.217950125103414    0    0    0    0    0    0    0    
538    21.741891483656556    0    0    0    0    0    0    0    
539    21.409387977404414    0    0    0    0    0    0    0    
540    21.43945108467936    0    0    0    0    0    0    0    
541    22.318067483383196    0    0    0    0    0    0    0    
542    21.083025559633423    0    0    0    0    0    0    0    
543    22.384480605017778    0    0    0    0    0    0    0    
544    20.856785209392463    0    0    0    0    0    0    0    
545    20.6970435530201    0    0    0    0    0    0    0    
546    21.091258945778385    0    0    0    0    0    0    0    
547    20.37482120078613    0    0    0    0    0    0    0    
548    20.96946719919047    0    0    0    0    0    0    0    
549    21.23533252853244    0    0    0    0    0    0    0    
550    21.224815095170246    0    0    0    0    0    0    0    
551    20.818136884915347    0    0    0    0    0    0    0    
552    20.690201699566618    0    0    0    0    0    0    0    
553    20.4400069722251    0    0    0    0    0    0    0    
554    20.952204405201854    0    0    0    0    0    0    0    
555    20.950103638722318    0    0    0    0    0    0    0    
556    21.067083454135226    0    0    0    0    0    0    0    
557    20.33135824101256    0    0    0    0    0    0    0    
558    22.96729752331177    0    0    0    0    0    0    0    
559    21.032922985618143    0    0    0    0    0    0    0    
560    21.56807381063278    0    0    0    0    0    0    0    
561    22.041532217473417    0    0    0    0    0    0    0    
562    21.026147238044775    0    0    0    0    0    0    0    
563    21.265038483371622    0    0    0    0    0    0    0    
564    19.54796164235537    0    0    0    0    0    0    0    
565    21.501936700397007    0    0    0    0    0    0    0    
566    21.172226332263655    0    0    0    0    0    0    0    
567    21.316007210167903    0    0    0    0    0    0    0    
568    20.668204888518797    0    0    0    0    0    0    0    
569    20.997967544336603    0    0    0    0    0    0    0    
570    21.207461538340723    0    0    0    0    0    0    0    
571    19.92044743071955    0    0    0    0    0    0    0    
572    21.199822517559635    0    0    0    0    0    0    0    
573    19.07635218501772    0    0    0    0    0    0    0    
574    19.336096269819734    0    0    0    0    0    0    0    
575    21.8649636345327    0    0    0    0    0    0    0    
576    21.10154939127765    0    0    0    0    0    0    0    
577    21.662396443914798    0    0    0    0    0    0    0    
578    20.125826895485826    0    0    0    0    0    0    0    
579    21.11600582624935    0    0    0    0    0    0    0    
580    20.769960467243536    0    0    0    0    0    0    0    
581    22.2675666391859    0    0    0    0    0    0    0    
582    22.24735701339372    0    0    0    0    0    0    0    
583    21.660334776062328    0    0    0    0    0    0    0    
584    21.779470257444174    0    0    0    0    0    0    0    
585    19.834218796271827    0    0    0    0    0    0    0    
586    21.356153102232074    0    0    0    0    0    0    0    
587    21.178043205426086    0    0    0    0    0    0    0    
588    21.47859108008482    0    0    0    0    0    0    0    
589    20.68878373603085    0    0    0    0    0    0    0    
590    21.897503433337214    0    0    0    0    0    0    0    
591    19.715042666177887    0    0    0    0    0    0    0    
592    22.07873950398596    0    0    0    0    0    0    0    
593    20.977970345134846    0    0    0    0    0    0    0    
594    22.057584064720455    0    0    0    0    0    0    0    
595    22.373435349720246    0    0    0    0    0    0    0    
596    21.907786386073887    0    0    0    0    0    0    0    
597    20.266346998856523    0    0    0    0    0    0    0    
598    21.852202114544955    0    0    0    0    0    0    0    
599    21.194251094260753    0    0    0    0    0    0    0    
600    21.23416351282149    0    0    0    0    0    0    0    
601    22.099621863732473    0    0    0    0    0    0    0    
602    21.066294603079573    0    0    0    0    0    0    0    
603    22.186790257331914    0    0    0    0    0    0    0    
604    21.515176549139458    0    0    0    0    0    0    0    
605    21.612579069478684    0    0    0    0    0    0    0    
606    21.791153410406494    0    0    0    0    0    0    0    
607    21.525876599389534    0    0    0    0    0    0    0    
608    21.04114954763094    0    0    0    0    0    0    0    
609    19.448010988739632    0    0    0    0    0    0    0    
610    21.301332039726432    0    0    0    0    0    0    0    
611    19.836953895344454    0    0    0    0    0    0    0    
612    22.365117207964577    0    0    0    0    0    0    0    
613    21.43638788534438    0    0    0    0    0    0    0    
614    20.973500710136427    0    0    0    0    0    0    0    
615    21.754107472374063    0    0    0    0    0    0    0    
616    21.89159453370594    0    0    0    0    0    0    0    
617    20.99241462671093    0    0    0    0    0    0    0    
618    21.344404750750194    0    0    0    0    0    0    0    
619    20.581238514961967    0    0    0    0    0    0    0    
620    20.359541002778258    0    0    0    0    0    0    0    
621    21.302016702450864    0    0    0    0    0    0    0    
622    21.310476620519815    0    0    0    0    0    0    0    
623    20.191767677947894    0    0    0    0    0    0    0    
624    20.21364312517837    0    0    0    0    0    0    0    
625    20.574999042235284    0    0    0    0    0    0    0    
626    21.79571913775691    0    0    0    0    0    0    0    
627    20.91856108263569    0    0    0    0    0    0    0    
628    21.33042164401118    0    0    0    0    0    0    0    
629    21.336333878465773    0    0    0    0    0    0    0    
630    19.639066283476602    0    0    0    0    0    0    0    
631    21.602992434377697    0    0    0    0    0    0    0    
632    21.238007733494985    0    0    0    0    0    0    0    
633    20.655211072154007    0    0    0    0    0    0    0    
634    22.209612051821722    0    0    0    0    0    0    0    
635    21.720092363839317    0    0    0    0    0    0    0    
636    21.191481088464037    0    0    0    0    0    0    0    
637    19.61638335967417    0    0    0    0    0    0    0    
638    21.211427589948777    0    0    0    0    0    0    0    
639    20.507930077601387    0    0    0    0    0    0    0    
640    21.475796609504155    0    0    0    0    0    0    0    
641    21.498992294850837    0    0    0    0    0    0    0    
642    21.895933277102564    0    0    0    0    0    0    0    
643    21.016309459257243    0    0    0    0    0    0    0    
644    21.69176472847985    0    0    0    0    0    0    0    
645    20.97381244091991    0    0    0    0    0    0    0    
646    20.838387085791492    0    0    0    0    0    0    0    
647    20.790313339279688    0    0    0    0    0    0    0    
648    21.946992923637566    0    0    0    0    0    0    0    
649    20.526470415515455    0    0    0    0    0    0    0    
650    21.48928425368884    0    0    0    0    0    0    0    
651    20.450863597941073    0    0    0    0    0    0    0    
652    20.49406711512133    0    0    0    0    0    0    0    
653    20.653278091704784    0    0    0    0    0    0    0    
654    20.682497819460927    0    0    0    0    0    0    0    
655    21.85892458898046    0    0    0    0    0    0    0    
656    21.264704217536064    0    0    0    0    0    0    0    
657    20.979612283013672    0    0    0    0    0    0    0    
658    20.24489153597591    0    0    0    0    0    0    0    
659    21.329011350532717    0    0    0    0    0    0    0    