! OpenFAST Deterministic Wind File
#
# Comment lines begin with "!" or "#" or "%", then the data lines must contain the following columns:
#
# If there are only 8 columns, upflow is assumed to be 0.
#
# Parameters are interpolated linearly between time steps; using nearest neighbor before the first time 
# listed in this file and after the last time listed in the file. 
#
! Time     Wind    Wind    Vertical    Horiz.      Pwr.Law     Lin.Vert.   Gust     Upflow
!          Speed   Dir     Speed       Shear       Vert.Shr    Shear       Speed    Angle 
! (sec)    (m/s)   (Deg)   (m/s)                                            (m/s)   (deg)
0    22.392747775222908    0    0    0    0    0    0    0    
1    22.68646527651717    0    0    0    0    0    0    0    
2    22.920207699209833    0    0    0    0    0    0    0    
3    22.543091670314933    0    0    0    0    0    0    0    
4    22.78206036590071    0    0    0    0    0    0    0    
5    22.492179067727815    0    0    0    0    0    0    0    
6    22.97604066727762    0    0    0    0    0    0    0    
7    23.049795513389384    0    0    0    0    0    0    0    
8    22.568330175035282    0    0    0    0    0    0    0    
9    23.07265255182422    0    0    0    0    0    0    0    
10    22.174582854056847    0    0    0    0    0    0    0    
11    22.448078272785153    0    0    0    0    0    0    0    
12    22.646042491575    0    0    0    0    0    0    0    
13    22.883452451561855    0    0    0    0    0    0    0    
14    22.36765979513853    0    0    0    0    0    0    0    
15    22.561166938418385    0    0    0    0    0    0    0    
16    22.380799995692094    0    0    0    0    0    0    0    
17    22.730935635004084    0    0    0    0    0    0    0    
18    22.807662114774708    0    0    0    0    0    0    0    
19    22.890855924088775    0    0    0    0    0    0    0    
20    22.91246766488916    0    0    0    0    0    0    0    
21    23.054716908714322    0    0    0    0    0    0    0    
22    22.966320538288905    0    0    0    0    0    0    0    
23    22.625490273967127    0    0    0    0    0    0    0    
24    22.596110789999145    0    0    0    0    0    0    0    
25    22.604485548849418    0    0    0    0    0    0    0    
26    22.93001893894023    0    0    0    0    0    0    0    
27    22.511972796647996    0    0    0    0    0    0    0    
28    22.877150978192613    0    0    0    0    0    0    0    
29    22.300585239828496    0    0    0    0    0    0    0    
30    22.722128288011465    0    0    0    0    0    0    0    
31    22.978329044235018    0    0    0    0    0    0    0    
32    23.141516950144933    0    0    0    0    0    0    0    
33    23.01258264579456    0    0    0    0    0    0    0    
34    22.600928596242415    0    0    0    0    0    0    0    
35    22.88791625508702    0    0    0    0    0    0    0    
36    22.39135260146304    0    0    0    0    0    0    0    
37    22.53317459302468    0    0    0    0    0    0    0    
38    22.686238769243527    0    0    0    0    0    0    0    
39    22.548290296384558    0    0    0    0    0    0    0    
40    22.734148587072884    0    0    0    0    0    0    0    
41    22.41660481305085    0    0    0    0    0    0    0    
42    22.752562166641574    0    0    0    0    0    0    0    
43    22.72370976266787    0    0    0    0    0    0    0    
44    22.54990291816284    0    0    0    0    0    0    0    
45    22.476439189331867    0    0    0    0    0    0    0    
46    22.936518879222998    0    0    0    0    0    0    0    
47    22.746484613209457    0    0    0    0    0    0    0    
48    22.622845467025936    0    0    0    0    0    0    0    
49    22.28692745706067    0    0    0    0    0    0    0    
50    22.55136887705903    0    0    0    0    0    0    0    
51    22.494791526537625    0    0    0    0    0    0    0    
52    22.790130763227765    0    0    0    0    0    0    0    
53    23.058689997737936    0    0    0    0    0    0    0    
54    22.691346931542583    0    0    0    0    0    0    0    
55    23.08876780002074    0    0    0    0    0    0    0    
56    22.626443606392137    0    0    0    0    0    0    0    
57    22.650778538269016    0    0    0    0    0    0    0    
58    22.67386072853278    0    0    0    0    0    0    0    
59    22.53748193254575    0    0    0    0    0    0    0    
60    22.24767574719259    0    0    0    0    0    0    0    
61    22.558754407847502    0    0    0    0    0    0    0    
62    22.79945485591528    0    0    0    0    0    0    0    
63    22.12652364908294    0    0    0    0    0    0    0    
64    22.80391856064512    0    0    0    0    0    0    0    
65    23.29581166600103    0    0    0    0    0    0    0    
66    22.325951164432603    0    0    0    0    0    0    0    
67    22.76471333113545    0    0    0    0    0    0    0    
68    23.16615930253408    0    0    0    0    0    0    0    
69    22.640870672888834    0    0    0    0    0    0    0    
70    22.077009863310792    0    0    0    0    0    0    0    
71    22.4568334571985    0    0    0    0    0    0    0    
72    22.967815724512942    0    0    0    0    0    0    0    
73    23.10632617412896    0    0    0    0    0    0    0    
74    22.75628695717134    0    0    0    0    0    0    0    
75    22.92331781910599    0    0    0    0    0    0    0    
76    22.61611289199802    0    0    0    0    0    0    0    
77    23.043422999527653    0    0    0    0    0    0    0    
78    23.350034816751478    0    0    0    0    0    0    0    
79    22.88918700882406    0    0    0    0    0    0    0    
80    23.019039512288778    0    0    0    0    0    0    0    
81    22.70107395022921    0    0    0    0    0    0    0    
82    22.699430582218206    0    0    0    0    0    0    0    
83    23.23122866483488    0    0    0    0    0    0    0    
84    22.741797718386493    0    0    0    0    0    0    0    
85    22.978769685035484    0    0    0    0    0    0    0    
86    22.695671205541817    0    0    0    0    0    0    0    
87    22.62729868085476    0    0    0    0    0    0    0    
88    22.602352649721055    0    0    0    0    0    0    0    
89    22.63949086935974    0    0    0    0    0    0    0    
90    22.80399943262453    0    0    0    0    0    0    0    
91    22.824037560640054    0    0    0    0    0    0    0    
92    22.853655993210342    0    0    0    0    0    0    0    
93    22.6439985159583    0    0    0    0    0    0    0    
94    22.577698209403053    0    0    0    0    0    0    0    
95    22.608871939916064    0    0    0    0    0    0    0    
96    22.89149630640331    0    0    0    0    0    0    0    
97    22.627642396085843    0    0    0    0    0    0    0    
98    22.716497625929275    0    0    0    0    0    0    0    
99    22.904030556709994    0    0    0    0    0    0    0    
100    22.674960471312925    0    0    0    0    0    0    0    
101    22.493771737286288    0    0    0    0    0    0    0    
102    22.692007620765835    0    0    0    0    0    0    0    
103    22.450178948161202    0    0    0    0    0    0    0    
104    22.764917670648313    0    0    0    0    0    0    0    
105    22.49152233621141    0    0    0    0    0    0    0    
106    22.539339745623547    0    0    0    0    0    0    0    
107    22.49399692142019    0    0    0    0    0    0    0    
108    22.952984906679365    0    0    0    0    0    0    0    
109    22.753572255870665    0    0    0    0    0    0    0    
110    22.742661926517105    0    0    0    0    0    0    0    
111    23.046197176774257    0    0    0    0    0    0    0    
112    22.480281071836373    0    0    0    0    0    0    0    
113    23.10458618478965    0    0    0    0    0    0    0    
114    22.77086335501603    0    0    0    0    0    0    0    
115    22.629612077650215    0    0    0    0    0    0    0    
116    22.450792539306025    0    0    0    0    0    0    0    
117    22.47293092157752    0    0    0    0    0    0    0    
118    22.819539792532584    0    0    0    0    0    0    0    
119    22.417830468882567    0    0    0    0    0    0    0    
120    22.510838133002956    0    0    0    0    0    0    0    
121    22.79220690262232    0    0    0    0    0    0    0    
122    22.49527959595058    0    0    0    0    0    0    0    
123    22.462706610443227    0    0    0    0    0    0    0    
124    22.83482524545442    0    0    0    0    0    0    0    
125    22.64366403115886    0    0    0    0    0    0    0    
126    22.609318060276813    0    0    0    0    0    0    0    
127    22.9490123808274    0    0    0    0    0    0    0    
128    23.045815895056865    0    0    0    0    0    0    0    
129    22.67894989783187    0    0    0    0    0    0    0    
130    22.465354536406963    0    0    0    0    0    0    0    
131    22.76265396381113    0    0    0    0    0    0    0    
132    22.677558719394263    0    0    0    0    0    0    0    
133    22.835859189519002    0    0    0    0    0    0    0    
134    22.74863891709795    0    0    0    0    0    0    0    
135    22.952815746239512    0    0    0    0    0    0    0    
136    22.619526432209685    0    0    0    0    0    0    0    
137    22.754918463573837    0    0    0    0    0    0    0    
138    23.079663676851194    0    0    0    0    0    0    0    
139    22.486653894002522    0    0    0    0    0    0    0    
140    22.592812793882196    0    0    0    0    0    0    0    
141    22.46092258225835    0    0    0    0    0    0    0    
142    22.534829000344338    0    0    0    0    0    0    0    
143    22.4381287433718    0    0    0    0    0    0    0    
144    22.528580861776312    0    0    0    0    0    0    0    
145    22.51281824708905    0    0    0    0    0    0    0    
146    22.36384186240083    0    0    0    0    0    0    0    
147    22.62341042131404    0    0    0    0    0    0    0    
148    22.866757705803582    0    0    0    0    0    0    0    
149    22.447781804227038    0    0    0    0    0    0    0    
150    22.480791347151985    0    0    0    0    0    0    0    
151    22.913365297845626    0    0    0    0    0    0    0    
152    22.779924355781905    0    0    0    0    0    0    0    
153    22.64128842075411    0    0    0    0    0    0    0    
154    22.73513493233574    0    0    0    0    0    0    0    
155    22.710254932396264    0    0    0    0    0    0    0    
156    22.090149860625658    0    0    0    0    0    0    0    
157    23.06136951570496    0    0    0    0    0    0    0    
158    22.26655188784195    0    0    0    0    0    0    0    
159    22.940854195435456    0    0    0    0    0    0    0    
160    22.640099832976794    0    0    0    0    0    0    0    
161    22.41830480887081    0    0    0    0    0    0    0    
162    22.72691236219857    0    0    0    0    0    0    0    
163    22.669087969942527    0    0    0    0    0    0    0    
164    22.61865873322846    0    0    0    0    0    0    0    
165    22.531774161900625    0    0    0    0    0    0    0    
166    22.758574395513666    0    0    0    0    0    0    0    
167    22.647637939504435    0    0    0    0    0    0    0    
168    22.366310036542497    0    0    0    0    0    0    0    
169    22.975556825718577    0    0    0    0    0    0    0    
170    22.403315212109888    0    0    0    0    0    0    0    
171    22.602182906526412    0    0    0    0    0    0    0    
172    22.549548395143265    0    0    0    0    0    0    0    
173    22.744158000423365    0    0    0    0    0    0    0    
174    22.71918849848673    0    0    0    0    0    0    0    
175    23.13661995296426    0    0    0    0    0    0    0    
176    22.71543637366975    0    0    0    0    0    0    0    
177    22.76136193398433    0    0    0    0    0    0    0    
178    22.48993743160695    0    0    0    0    0    0    0    
179    22.836568020749006    0    0    0    0    0    0    0    
180    22.55974464933855    0    0    0    0    0    0    0    
181    23.063882035054057    0    0    0    0    0    0    0    
182    23.246541937867363    0    0    0    0    0    0    0    
183    22.467692141146063    0    0    0    0    0    0    0    
184    22.78232212752733    0    0    0    0    0    0    0    
185    22.749960221678354    0    0    0    0    0    0    0    
186    22.272825717375692    0    0    0    0    0    0    0    
187    22.556007809709556    0    0    0    0    0    0    0    
188    22.595367212069256    0    0    0    0    0    0    0    
189    22.77029569225371    0    0    0    0    0    0    0    
190    22.99094181996611    0    0    0    0    0    0    0    
191    23.017495805309945    0    0    0    0    0    0    0    
192    22.619697606917423    0    0    0    0    0    0    0    
193    22.863380374303045    0    0    0    0    0    0    0    
194    23.023123692678805    0    0    0    0    0    0    0    
195    22.497509196005225    0    0    0    0    0    0    0    
196    22.927751013868754    0    0    0    0    0    0    0    
197    22.519766989006484    0    0    0    0    0    0    0    
198    22.49341777447301    0    0    0    0    0    0    0    
199    23.073407305530797    0    0    0    0    0    0    0    
200    23.064237695433302    0    0    0    0    0    0    0    
201    22.96484210969411    0    0    0    0    0    0    0    
202    22.335853356004492    0    0    0    0    0    0    0    
203    22.597363843965784    0    0    0    0    0    0    0    
204    22.73457237261438    0    0    0    0    0    0    0    
205    22.663101768371906    0    0    0    0    0    0    0    
206    22.75065363040911    0    0    0    0    0    0    0    
207    22.88550768017933    0    0    0    0    0    0    0    
208    22.396227460903383    0    0    0    0    0    0    0    
209    22.419166036624006    0    0    0    0    0    0    0    
210    22.71871226190367    0    0    0    0    0    0    0    
211    22.92343190862202    0    0    0    0    0    0    0    
212    23.17240913122833    0    0    0    0    0    0    0    
213    22.649450451512113    0    0    0    0    0    0    0    
214    22.51637005867321    0    0    0    0    0    0    0    
215    22.37537383791342    0    0    0    0    0    0    0    
216    22.881008189788343    0    0    0    0    0    0    0    
217    22.80382675269272    0    0    0    0    0    0    0    
218    22.530660515586312    0    0    0    0    0    0    0    
219    22.347472945934847    0    0    0    0    0    0    0    
220    22.68328623609263    0    0    0    0    0    0    0    
221    22.571528979145818    0    0    0    0    0    0    0    
222    22.621848373541496    0    0    0    0    0    0    0    
223    22.807412143672746    0    0    0    0    0    0    0    
224    22.663008206434725    0    0    0    0    0    0    0    
225    23.013858725759174    0    0    0    0    0    0    0    
226    23.043404083930344    0    0    0    0    0    0    0    
227    22.570292765649338    0    0    0    0    0    0    0    
228    22.51469233147038    0    0    0    0    0    0    0    
229    22.744739830033417    0    0    0    0    0    0    0    
230    22.659783427533213    0    0    0    0    0    0    0    
231    22.37489341876622    0    0    0    0    0    0    0    
232    22.64838389227384    0    0    0    0    0    0    0    
233    23.22526514898934    0    0    0    0    0    0    0    
234    22.66177304661846    0    0    0    0    0    0    0    
235    22.50370453077844    0    0    0    0    0    0    0    
236    22.46672181548104    0    0    0    0    0    0    0    
237    22.642883568773637    0    0    0    0    0    0    0    
238    22.6672314005767    0    0    0    0    0    0    0    
239    22.482721809914164    0    0    0    0    0    0    0    
240    22.990273579765674    0    0    0    0    0    0    0    
241    22.824824643187615    0    0    0    0    0    0    0    
242    22.98121021147172    0    0    0    0    0    0    0    
243    22.719401700907433    0    0    0    0    0    0    0    
244    22.478976454405576    0    0    0    0    0    0    0    
245    22.66851272281458    0    0    0    0    0    0    0    
246    22.64382864851501    0    0    0    0    0    0    0    
247    22.24868570647416    0    0    0    0    0    0    0    
248    22.72630103230271    0    0    0    0    0    0    0    
249    22.424839515920315    0    0    0    0    0    0    0    
250    22.727498762551647    0    0    0    0    0    0    0    
251    22.563071875462796    0    0    0    0    0    0    0    
252    22.99171001855352    0    0    0    0    0    0    0    
253    22.764956953815116    0    0    0    0    0    0    0    
254    23.429679455973936    0    0    0    0    0    0    0    
255    22.517854334113466    0    0    0    0    0    0    0    
256    23.019475592452025    0    0    0    0    0    0    0    
257    22.800760440834928    0    0    0    0    0    0    0    
258    22.49417213039477    0    0    0    0    0    0    0    
259    22.96213415023399    0    0    0    0    0    0    0    
260    22.71218493294035    0    0    0    0    0    0    0    
261    22.672087389307382    0    0    0    0    0    0    0    
262    22.6952681937194    0    0    0    0    0    0    0    
263    22.768406960804555    0    0    0    0    0    0    0    
264    22.721092040641032    0    0    0    0    0    0    0    
265    22.79171653503954    0    0    0    0    0    0    0    
266    22.579414026623553    0    0    0    0    0    0    0    
267    22.85160148359491    0    0    0    0    0    0    0    
268    22.643045074953662    0    0    0    0    0    0    0    
269    22.6580579548236    0    0    0    0    0    0    0    
270    23.031852939176257    0    0    0    0    0    0    0    
271    22.68020667652677    0    0    0    0    0    0    0    
272    22.411020882332377    0    0    0    0    0    0    0    
273    22.73327529388254    0    0    0    0    0    0    0    
274    22.307522420364872    0    0    0    0    0    0    0    
275    22.632176674687933    0    0    0    0    0    0    0    
276    22.973610669032322    0    0    0    0    0    0    0    
277    22.771593420968927    0    0    0    0    0    0    0    
278    22.982005244008864    0    0    0    0    0    0    0    
279    22.485117344607083    0    0    0    0    0    0    0    
280    22.754281507391802    0    0    0    0    0    0    0    
281    22.757599503186537    0    0    0    0    0    0    0    
282    22.809365493769672    0    0    0    0    0    0    0    
283    22.77858325185782    0    0    0    0    0    0    0    
284    22.875939121817346    0    0    0    0    0    0    0    
285    22.33889519833025    0    0    0    0    0    0    0    
286    22.910852809490848    0    0    0    0    0    0    0    
287    22.33488836562317    0    0    0    0    0    0    0    
288    22.9458602733783    0    0    0    0    0    0    0    
289    22.72535249475415    0    0    0    0    0    0    0    
290    22.644097746264364    0    0    0    0    0    0    0    
291    22.588597088522917    0    0    0    0    0    0    0    
292    22.881356764910937    0    0    0    0    0    0    0    
293    22.683520209484126    0    0    0    0    0    0    0    
294    23.175308773546746    0    0    0    0    0    0    0    
295    23.398491800246855    0    0    0    0    0    0    0    
296    22.584380358812933    0    0    0    0    0    0    0    
297    22.904233102602703    0    0    0    0    0    0    0    
298    22.718769499602057    0    0    0    0    0    0    0    
299    22.57314472400159    0    0    0    0    0    0    0    
300    22.994685271791525    0    0    0    0    0    0    0    
301    22.698764775767    0    0    0    0    0    0    0    
302    23.063354447963988    0    0    0    0    0    0    0    
303    22.315454178926995    0    0    0    0    0    0    0    
304    22.93742164227365    0    0    0    0    0    0    0    
305    23.052481598179007    0    0    0    0    0    0    0    
306    22.77812782261491    0    0    0    0    0    0    0    
307    22.884947719769382    0    0    0    0    0    0    0    
308    22.66576199412562    0    0    0    0    0    0    0    
309    22.39988358267857    0    0    0    0    0    0    0    
310    22.720873636741647    0    0    0    0    0    0    0    
311    22.93704577458398    0    0    0    0    0    0    0    
312    22.35237438495985    0    0    0    0    0    0    0    
313    23.216712609407207    0    0    0    0    0    0    0    
314    23.055022524449488    0    0    0    0    0    0    0    
315    22.180956585057093    0    0    0    0    0    0    0    
316    23.148915306221472    0    0    0    0    0    0    0    
317    22.72535337744812    0    0    0    0    0    0    0    
318    22.661558263782393    0    0    0    0    0    0    0    
319    22.47814104694614    0    0    0    0    0    0    0    
320    22.549997254308256    0    0    0    0    0    0    0    
321    23.068595635838278    0    0    0    0    0    0    0    
322    23.2276896054182    0    0    0    0    0    0    0    
323    22.782892975421944    0    0    0    0    0    0    0    
324    22.86563236004915    0    0    0    0    0    0    0    
325    22.64080015807181    0    0    0    0    0    0    0    
326    22.725245585605403    0    0    0    0    0    0    0    
327    22.27799948877029    0    0    0    0    0    0    0    
328    22.408570179531978    0    0    0    0    0    0    0    
329    22.934221032421288    0    0    0    0    0    0    0    
330    23.137823758749427    0    0    0    0    0    0    0    
331    22.721084299273155    0    0    0    0    0    0    0    
332    22.78396976887062    0    0    0    0    0    0    0    
333    22.66478052366544    0    0    0    0    0    0    0    
334    22.615120884733102    0    0    0    0    0    0    0    
335    23.138676749369743    0    0    0    0    0    0    0    
336    22.70777397433452    0    0    0    0    0    0    0    
337    22.49510732217631    0    0    0    0    0    0    0    
338    23.095306712187924    0    0    0    0    0    0    0    
339    22.599406796892588    0    0    0    0    0    0    0    
340    22.782180101346672    0    0    0    0    0    0    0    
341    22.624594303389614    0    0    0    0    0    0    0    
342    22.541187137116417    0    0    0    0    0    0    0    
343    22.716800496187073    0    0    0    0    0    0    0    
344    23.019537755350655    0    0    0    0    0    0    0    
345    22.844914821466443    0    0    0    0    0    0    0    
346    22.697877021467022    0    0    0    0    0    0    0    
347    22.30422298477747    0    0    0    0    0    0    0    
348    22.23223811002891    0    0    0    0    0    0    0    
349    22.673624892950556    0    0    0    0    0    0    0    
350    22.97043495075782    0    0    0    0    0    0    0    
351    22.40413458557719    0    0    0    0    0    0    0    
352    22.447808819899596    0    0    0    0    0    0    0    
353    22.67572962049635    0    0    0    0    0    0    0    
354    22.64842197474053    0    0    0    0    0    0    0    
355    22.684442229544207    0    0    0    0    0    0    0    
356    22.427490023366474    0    0    0    0    0    0    0    
357    22.336409116239036    0    0    0    0    0    0    0    
358    22.689857894893635    0    0    0    0    0    0    0    
359    22.645848598005824    0    0    0    0    0    0    0    
360    22.557509701652865    0    0    0    0    0    0    0    
361    22.975051353192466    0    0    0    0    0    0    0    
362    22.922282959973792    0    0    0    0    0    0    0    
363    22.944703394500337    0    0    0    0    0    0    0    
364    22.937600112849484    0    0    0    0    0    0    0    
365    22.886366061220276    0    0    0    0    0    0    0    
366    22.80799747126449    0    0    0    0    0    0    0    
367    22.831295699248837    0    0    0    0    0    0    0    
368    23.017077616084364    0    0    0    0    0    0    0    
369    22.551819490722444    0    0    0    0    0    0    0    
370    22.81489620493749    0    0    0    0    0    0    0    
371    22.455334769711207    0    0    0    0    0    0    0    
372    23.0423315844097    0    0    0    0    0    0    0    
373    22.73709956933199    0    0    0    0    0    0    0    
374    22.99282836954617    0    0    0    0    0    0    0    
375    22.923582565058723    0    0    0    0    0    0    0    
376    22.948926644888797    0    0    0    0    0    0    0    
377    22.348927700631148    0    0    0    0    0    0    0    
378    22.512742012298414    0    0    0    0    0    0    0    
379    22.59817315682579    0    0    0    0    0    0    0    
380    22.903287812215034    0    0    0    0    0    0    0    
381    23.157379591860902    0    0    0    0    0    0    0    
382    22.6808145604713    0    0    0    0    0    0    0    
383    22.693876915962598    0    0    0    0    0    0    0    
384    22.419868983523138    0    0    0    0    0    0    0    
385    22.96078189020726    0    0    0    0    0    0    0    
386    22.52150604980797    0    0    0    0    0    0    0    
387    22.749803155897688    0    0    0    0    0    0    0    
388    22.885065777835116    0    0    0    0    0    0    0    
389    22.188881856292497    0    0    0    0    0    0    0    
390    22.57395686097101    0    0    0    0    0    0    0    
391    22.591460740885555    0    0    0    0    0    0    0    
392    22.891643848688634    0    0    0    0    0    0    0    
393    22.64461252814471    0    0    0    0    0    0    0    
394    22.69556398562802    0    0    0    0    0    0    0    
395    22.234336936432314    0    0    0    0    0    0    0    
396    22.407148753362858    0    0    0    0    0    0    0    
397    22.957613004906435    0    0    0    0    0    0    0    
398    22.501529994192154    0    0    0    0    0    0    0    
399    22.633615070458063    0    0    0    0    0    0    0    
400    23.034695358087863    0    0    0    0    0    0    0    
401    22.737542460750976    0    0    0    0    0    0    0    
402    22.14028939406202    0    0    0    0    0    0    0    
403    22.70559242755859    0    0    0    0    0    0    0    
404    22.684167763622792    0    0    0    0    0    0    0    
405    23.396877914290506    0    0    0    0    0    0    0    
406    22.392755928133603    0    0    0    0    0    0    0    
407    22.772090867899834    0    0    0    0    0    0    0    
408    22.7906948768769    0    0    0    0    0    0    0    
409    22.372026806674192    0    0    0    0    0    0    0    
410    23.184743401928632    0    0    0    0    0    0    0    
411    22.90379435970086    0    0    0    0    0    0    0    
412    22.784703197545763    0    0    0    0    0    0    0    
413    22.882077237825207    0    0    0    0    0    0    0    
414    22.50739793561822    0    0    0    0    0    0    0    
415    22.660683438806128    0    0    0    0    0    0    0    
416    22.48397103331554    0    0    0    0    0    0    0    
417    22.711609520453635    0    0    0    0    0    0    0    
418    22.580160611533984    0    0    0    0    0    0    0    
419    22.716102787758523    0    0    0    0    0    0    0    
420    23.00626052736302    0    0    0    0    0    0    0    
421    22.775983915240797    0    0    0    0    0    0    0    
422    22.35672093845615    0    0    0    0    0    0    0    
423    22.780201553522186    0    0    0    0    0    0    0    
424    22.919672103656133    0    0    0    0    0    0    0    
425    22.803688256648492    0    0    0    0    0    0    0    
426    22.741917893767564    0    0    0    0    0    0    0    
427    22.80942696293948    0    0    0    0    0    0    0    
428    22.65898457522369    0    0    0    0    0    0    0    
429    22.610826711197053    0    0    0    0    0    0    0    
430    22.86117945121038    0    0    0    0    0    0    0    
431    22.688679039392053    0    0    0    0    0    0    0    
432    22.229487347236738    0    0    0    0    0    0    0    
433    22.655345885742467    0    0    0    0    0    0    0    
434    22.29744245842835    0    0    0    0    0    0    0    
435    22.83470909877604    0    0    0    0    0    0    0    
436    22.704786047003317    0    0    0    0    0    0    0    
437    22.925710554871515    0    0    0    0    0    0    0    
438    22.43948213032721    0    0    0    0    0    0    0    
439    22.285268305354155    0    0    0    0    0    0    0    
440    22.531614143961093    0    0    0    0    0    0    0    
441    22.323117418182072    0    0    0    0    0    0    0    
442    22.39622230747377    0    0    0    0    0    0    0    
443    22.40181964175702    0    0    0    0    0    0    0    
444    22.649489109454546    0    0    0    0    0    0    0    
445    22.57312673651207    0    0    0    0    0    0    0    
446    22.90945649651984    0    0    0    0    0    0    0    
447    23.064899522746977    0    0    0    0    0    0    0    
448    22.908958552331708    0    0    0    0    0    0    0    
449    22.661646970097014    0    0    0    0    0    0    0    
450    22.84751430636185    0    0    0    0    0    0    0    
451    22.505053646323955    0    0    0    0    0    0    0    
452    22.681066062553107    0    0    0    0    0    0    0    
453    22.71835113506928    0    0    0    0    0    0    0    
454    22.863396557928137    0    0    0    0    0    0    0    
455    23.077523610638107    0    0    0    0    0    0    0    
456    22.956136769482054    0    0    0    0    0    0    0    
457    22.6030719953162    0    0    0    0    0    0    0    
458    22.909412744167337    0    0    0    0    0    0    0    
459    22.527924021426013    0    0    0    0    0    0    0    
460    22.966238729185594    0    0    0    0    0    0    0    
461    23.03797135632786    0    0    0    0    0    0    0    
462    23.195936756951532    0    0    0    0    0    0    0    
463    22.511831352065883    0    0    0    0    0    0    0    
464    22.650743837584624    0    0    0    0    0    0    0    
465    22.518901375591764    0    0    0    0    0    0    0    
466    22.84644006679405    0    0    0    0    0    0    0    
467    22.929872785537842    0    0    0    0    0    0    0    
468    22.687569841259478    0    0    0    0    0    0    0    
469    22.095770723300806    0    0    0    0    0    0    0    
470    22.649891366009676    0    0    0    0    0    0    0    
471    22.586535224897965    0    0    0    0    0    0    0    
472    22.444352730430865    0    0    0    0    0    0    0    
473    22.53125415056123    0    0    0    0    0    0    0    
474    22.529349248162497    0    0    0    0    0    0    0    
475    22.73414113407033    0    0    0    0    0    0    0    
476    22.550067835955762    0    0    0    0    0    0    0    
477    22.8824556735194    0    0    0    0    0    0    0    
478    22.365883152820007    0    0    0    0    0    0    0    
479    22.967603855521272    0    0    0    0    0    0    0    
480    22.75866188914017    0    0    0    0    0    0    0    
481    22.363767962728883    0    0    0    0    0    0    0    
482    22.465244755548447    0    0    0    0    0    0    0    
483    22.726917554464652    0    0    0    0    0    0    0    
484    22.88593374990806    0    0    0    0    0    0    0    
485    22.66543850710744    0    0    0    0    0    0    0    
486    22.723306209860695    0    0    0    0    0    0    0    
487    22.89667964169654    0    0    0    0    0    0    0    
488    22.718647250781416    0    0    0    0    0    0    0    
489    22.56573542152271    0    0    0    0    0    0    0    
490    23.06860673407598    0    0    0    0    0    0    0    
491    22.99485762700589    0    0    0    0    0    0    0    
492    22.89476507183959    0    0    0    0    0    0    0    
493    22.713906738849296    0    0    0    0    0    0    0    
494    22.90945894465846    0    0    0    0    0    0    0    
495    22.82617620214385    0    0    0    0    0    0    0    
496    22.747083537584476    0    0    0    0    0    0    0    
497    22.437194575902907    0    0    0    0    0    0    0    
498    22.88434472946911    0    0    0    0    0    0    0    
499    22.177853074766265    0    0    0    0    0    0    0    
500    22.1940559373568    0    0    0    0    0    0    0    
501    22.739323441753765    0    0    0    0    0    0    0    
502    23.022751755971473    0    0    0    0    0    0    0    
503    22.565501606238897    0    0    0    0    0    0    0    
504    22.39798602280398    0    0    0    0    0    0    0    
505    22.92547400120882    0    0    0    0    0    0    0    
506    22.704238354766176    0    0    0    0    0    0    0    
507    22.64228739747213    0    0    0    0    0    0    0    
508    23.037593161646665    0    0    0    0    0    0    0    
509    22.541001235936978    0    0    0    0    0    0    0    
510    22.179090193008793    0    0    0    0    0    0    0    
511    22.634935754768133    0    0    0    0    0    0    0    
512    23.225749783512544    0    0    0    0    0    0    0    
513    22.662316227999373    0    0    0    0    0    0    0    
514    22.784361226618966    0    0    0    0    0    0    0    
515    22.385440304164028    0    0    0    0    0    0    0    
516    22.556385256674044    0    0    0    0    0    0    0    
517    22.710447094204145    0    0    0    0    0    0    0    
518    22.81123489504654    0    0    0    0    0    0    0    
519    22.75131664701306    0    0    0    0    0    0    0    
520    22.448477461726295    0    0    0    0    0    0    0    
521    23.07316256524365    0    0    0    0    0    0    0    
522    23.217230937740606    0    0    0    0    0    0    0    
523    22.72916418531249    0    0    0    0    0    0    0    
524    22.789947659497145    0    0    0    0    0    0    0    
525    22.352813682708504    0    0    0    0    0    0    0    
526    22.412152888670295    0    0    0    0    0    0    0    
527    22.793063915679184    0    0    0    0    0    0    0    
528    22.479564643997776    0    0    0    0    0    0    0    
529    22.92495675298832    0    0    0    0    0    0    0    
530    22.619093664184163    0    0    0    0    0    0    0    
531    22.522716298253346    0    0    0    0    0    0    0    
532    22.592091424015152    0    0    0    0    0    0    0    
533    22.538744344269077    0    0    0    0    0    0    0    
534    22.44282249301091    0    0    0    0    0    0    0    
535    22.426460352749082    0    0    0    0    0    0    0    
536    22.579804057902066    0    0    0    0    0    0    0    
537    23.035425872344113    0    0    0    0    0    0    0    
538    22.67454501674615    0    0    0    0    0    0    0    
539    22.705403925603427    0    0    0    0    0    0    0    
540    22.387976228823952    0    0    0    0    0    0    0    
541    22.671284775257377    0    0    0    0    0    0    0    
542    22.384888782339512    0    0    0    0    0    0    0    
543    22.41179757132924    0    0    0    0    0    0    0    
544    22.195838608974004    0    0    0    0    0    0    0    
545    23.166513910046362    0    0    0    0    0    0    0    
546    22.434337404985854    0    0    0    0    0    0    0    
547    22.850978864620103    0    0    0    0    0    0    0    
548    22.521585858286603    0    0    0    0    0    0    0    
549    22.82536297807399    0    0    0    0    0    0    0    
550    22.686993118557133    0    0    0    0    0    0    0    
551    22.30018212897148    0    0    0    0    0    0    0    
552    22.988275915933684    0    0    0    0    0    0    0    
553    22.445234208862846    0    0    0    0    0    0    0    
554    22.75272063895817    0    0    0    0    0    0    0    
555    22.807906288474996    0    0    0    0    0    0    0    
556    22.523061139998486    0    0    0    0    0    0    0    
557    23.110330812260674    0    0    0    0    0    0    0    
558    22.35526086710969    0    0    0    0    0    0    0    
559    23.005241114687486    0    0    0    0    0    0    0    
560    22.799176437561812    0    0    0    0    0    0    0    
561    22.99792904125212    0    0    0    0    0    0    0    
562    22.536095046649116    0    0    0    0    0    0    0    
563    23.118618086880296    0    0    0    0    0    0    0    
564    23.17786013276204    0    0    0    0    0    0    0    
565    22.8936285268336    0    0    0    0    0    0    0    
566    22.556761918678962    0    0    0    0    0    0    0    
567    22.608655667888524    0    0    0    0    0    0    0    
568    22.89791146205726    0    0    0    0    0    0    0    
569    22.697752325046707    0    0    0    0    0    0    0    
570    23.19798263027243    0    0    0    0    0    0    0    
571    22.92859201826632    0    0    0    0    0    0    0    
572    22.68600592245277    0    0    0    0    0    0    0    
573    22.868182971633924    0    0    0    0    0    0    0    
574    22.52578707426741    0    0    0    0    0    0    0    
575    23.123352442061147    0    0    0    0    0    0    0    
576    22.51429832445265    0    0    0    0    0    0    0    
577    22.97602054851785    0    0    0    0    0    0    0    
578    22.386206942223303    0    0    0    0    0    0    0    
579    22.29980228154933    0    0    0    0    0    0    0    
580    22.775001338092558    0    0    0    0    0    0    0    
581    22.80602979764843    0    0    0    0    0    0    0    
582    22.346616249957584    0    0    0    0    0    0    0    
583    22.169484682339604    0    0    0    0    0    0    0    
584    22.53638550796285    0    0    0    0    0    0    0    
585    22.97882524446032    0    0    0    0    0    0    0    
586    22.82291873328875    0    0    0    0    0    0    0    
587    22.368160873380074    0    0    0    0    0    0    0    
588    22.818103647202584    0    0    0    0    0    0    0    
589    22.847217623615105    0    0    0    0    0    0    0    
590    22.482969801860246    0    0    0    0    0    0    0    
591    22.47169551592719    0    0    0    0    0    0    0    
592    22.669941033607113    0    0    0    0    0    0    0    
593    23.23044051387823    0    0    0    0    0    0    0    
594    22.286200266830885    0    0    0    0    0    0    0    
595    22.805106179817436    0    0    0    0    0    0    0    
596    22.402713342023198    0    0    0    0    0    0    0    
597    22.47096687114921    0    0    0    0    0    0    0    
598    22.54872982881864    0    0    0    0    0    0    0    
599    22.910991100822073    0    0    0    0    0    0    0    
600    22.54636453365121    0    0    0    0    0    0    0    
601    22.363446386014072    0    0    0    0    0    0    0    
602    22.516917085362646    0    0    0    0    0    0    0    
603    22.753980137030492    0    0    0    0    0    0    0    
604    22.310635603773985    0    0    0    0    0    0    0    
605    22.88499786405419    0    0    0    0    0    0    0    
606    23.2940276193094    0    0    0    0    0    0    0    
607    22.648892302668465    0    0    0    0    0    0    0    
608    22.51897899456696    0    0    0    0    0    0    0    
609    23.24881731773836    0    0    0    0    0    0    0    
610    22.67718860612197    0    0    0    0    0    0    0    
611    22.492445882332504    0    0    0    0    0    0    0    
612    22.537490256026558    0    0    0    0    0    0    0    
613    22.231997431832824    0    0    0    0    0    0    0    
614    22.87043297856037    0    0    0    0    0    0    0    
615    22.85123709519235    0    0    0    0    0    0    0    
616    22.78551277056818    0    0    0    0    0    0    0    
617    22.544189280420994    0    0    0    0    0    0    0    
618    22.836278478484367    0    0    0    0    0    0    0    
619    22.78786870741622    0    0    0    0    0    0    0    
620    22.75749088590535    0    0    0    0    0    0    0    
621    22.8356631133065    0    0    0    0    0    0    0    
622    22.487666800969944    0    0    0    0    0    0    0    
623    22.890462370259122    0    0    0    0    0    0    0    
624    22.560878878719198    0    0    0    0    0    0    0    
625    22.848077667905326    0    0    0    0    0    0    0    
626    23.034083101425566    0    0    0    0    0    0    0    
627    22.549516087700326    0    0    0    0    0    0    0    
628    22.75512071261885    0    0    0    0    0    0    0    
629    22.92604261752709    0    0    0    0    0    0    0    
630    22.471401696844413    0    0    0    0    0    0    0    
631    22.69636124313508    0    0    0    0    0    0    0    
632    22.78857558304493    0    0    0    0    0    0    0    
633    22.455914775967695    0    0    0    0    0    0    0    
634    23.143309162264718    0    0    0    0    0    0    0    
635    22.570598579373026    0    0    0    0    0    0    0    
636    22.63063168126302    0    0    0    0    0    0    0    
637    22.336340786508924    0    0    0    0    0    0    0    
638    22.692516557340916    0    0    0    0    0    0    0    
639    22.72184873158494    0    0    0    0    0    0    0    
640    22.83475715599231    0    0    0    0    0    0    0    
641    23.109501848611313    0    0    0    0    0    0    0    
642    22.929865548332558    0    0    0    0    0    0    0    
643    22.571464556499233    0    0    0    0    0    0    0    
644    22.52806494937215    0    0    0    0    0    0    0    
645    22.428024207518305    0    0    0    0    0    0    0    
646    22.326917264249285    0    0    0    0    0    0    0    
647    22.59774008542281    0    0    0    0    0    0    0    
648    23.056362032668634    0    0    0    0    0    0    0    
649    22.760431503700406    0    0    0    0    0    0    0    
650    22.235320219240393    0    0    0    0    0    0    0    
651    22.89856694727985    0    0    0    0    0    0    0    
652    23.018751655566412    0    0    0    0    0    0    0    
653    22.917139473969225    0    0    0    0    0    0    0    
654    22.57289197102696    0    0    0    0    0    0    0    
655    23.030732566384668    0    0    0    0    0    0    0    
656    22.691715323609543    0    0    0    0    0    0    0    
657    22.546842576590098    0    0    0    0    0    0    0    
658    22.654948035331945    0    0    0    0    0    0    0    
659    23.1110060226731    0    0    0    0    0    0    0    