! OpenFAST Deterministic Wind File
#
# Comment lines begin with "!" or "#" or "%", then the data lines must contain the following columns:
#
# If there are only 8 columns, upflow is assumed to be 0.
#
# Parameters are interpolated linearly between time steps; using nearest neighbor before the first time 
# listed in this file and after the last time listed in the file. 
#
! Time     Wind    Wind    Vertical    Horiz.      Pwr.Law     Lin.Vert.   Gust     Upflow
!          Speed   Dir     Speed       Shear       Vert.Shr    Shear       Speed    Angle 
! (sec)    (m/s)   (Deg)   (m/s)                                            (m/s)   (deg)
0    22.574603406416212    0    0    0    0    0    0    0    
1    22.32398834950526    0    0    0    0    0    0    0    
2    22.53713580905119    0    0    0    0    0    0    0    
3    22.70705944031898    0    0    0    0    0    0    0    
4    22.429654425941504    0    0    0    0    0    0    0    
5    22.16802143418904    0    0    0    0    0    0    0    
6    22.345808092452042    0    0    0    0    0    0    0    
7    22.72297831769291    0    0    0    0    0    0    0    
8    22.573774123238113    0    0    0    0    0    0    0    
9    22.368404828487943    0    0    0    0    0    0    0    
10    22.232496886600565    0    0    0    0    0    0    0    
11    21.93740545338915    0    0    0    0    0    0    0    
12    22.236368023364555    0    0    0    0    0    0    0    
13    22.668824303438363    0    0    0    0    0    0    0    
14    22.357877769296206    0    0    0    0    0    0    0    
15    22.389307189641425    0    0    0    0    0    0    0    
16    23.01765086231846    0    0    0    0    0    0    0    
17    22.0206237654412    0    0    0    0    0    0    0    
18    21.973783065476322    0    0    0    0    0    0    0    
19    22.467332344974025    0    0    0    0    0    0    0    
20    21.982061731124116    0    0    0    0    0    0    0    
21    22.07341073613025    0    0    0    0    0    0    0    
22    22.106389325266534    0    0    0    0    0    0    0    
23    21.968070197748425    0    0    0    0    0    0    0    
24    22.26979857752289    0    0    0    0    0    0    0    
25    22.559787782813743    0    0    0    0    0    0    0    
26    22.191080185130158    0    0    0    0    0    0    0    
27    22.18226149101006    0    0    0    0    0    0    0    
28    22.194867248076335    0    0    0    0    0    0    0    
29    22.156306015503944    0    0    0    0    0    0    0    
30    22.636964418114356    0    0    0    0    0    0    0    
31    22.102932765100967    0    0    0    0    0    0    0    
32    22.16245443320557    0    0    0    0    0    0    0    
33    22.509028260807835    0    0    0    0    0    0    0    
34    22.033445182508355    0    0    0    0    0    0    0    
35    21.76187093697549    0    0    0    0    0    0    0    
36    22.66231239976292    0    0    0    0    0    0    0    
37    22.312809457545853    0    0    0    0    0    0    0    
38    22.09136948556188    0    0    0    0    0    0    0    
39    21.97108580227596    0    0    0    0    0    0    0    
40    22.326151771498946    0    0    0    0    0    0    0    
41    21.851751699939463    0    0    0    0    0    0    0    
42    22.18193883272509    0    0    0    0    0    0    0    
43    21.789424424903867    0    0    0    0    0    0    0    
44    22.09081281704883    0    0    0    0    0    0    0    
45    22.298621464206725    0    0    0    0    0    0    0    
46    22.113047985088343    0    0    0    0    0    0    0    
47    22.55832380401043    0    0    0    0    0    0    0    
48    22.783899707352308    0    0    0    0    0    0    0    
49    22.071085028862562    0    0    0    0    0    0    0    
50    22.137452611386966    0    0    0    0    0    0    0    
51    22.260554175470258    0    0    0    0    0    0    0    
52    22.54708439827645    0    0    0    0    0    0    0    
53    21.979410747397186    0    0    0    0    0    0    0    
54    22.394346703023384    0    0    0    0    0    0    0    
55    21.868064651214002    0    0    0    0    0    0    0    
56    22.111735110254656    0    0    0    0    0    0    0    
57    22.111737201027502    0    0    0    0    0    0    0    
58    22.448203811430485    0    0    0    0    0    0    0    
59    22.477992851925393    0    0    0    0    0    0    0    
60    22.132951469122222    0    0    0    0    0    0    0    
61    22.288391586082994    0    0    0    0    0    0    0    
62    23.102436127747485    0    0    0    0    0    0    0    
63    22.431768496985725    0    0    0    0    0    0    0    
64    22.611219916164934    0    0    0    0    0    0    0    
65    22.233283975668982    0    0    0    0    0    0    0    
66    22.542943914264384    0    0    0    0    0    0    0    
67    22.559402184841158    0    0    0    0    0    0    0    
68    22.67937103945627    0    0    0    0    0    0    0    
69    22.082707051419483    0    0    0    0    0    0    0    
70    22.246406805625664    0    0    0    0    0    0    0    
71    22.355552113701613    0    0    0    0    0    0    0    
72    22.54514249544435    0    0    0    0    0    0    0    
73    22.35466747502881    0    0    0    0    0    0    0    
74    22.560655547627626    0    0    0    0    0    0    0    
75    22.566208717168383    0    0    0    0    0    0    0    
76    22.379146901639306    0    0    0    0    0    0    0    
77    22.671492716583234    0    0    0    0    0    0    0    
78    22.567834537293933    0    0    0    0    0    0    0    
79    22.054406527179694    0    0    0    0    0    0    0    
80    22.5420969095087    0    0    0    0    0    0    0    
81    22.022127966768444    0    0    0    0    0    0    0    
82    22.245135449752098    0    0    0    0    0    0    0    
83    21.715025440305805    0    0    0    0    0    0    0    
84    22.12401939734089    0    0    0    0    0    0    0    
85    22.09810682491352    0    0    0    0    0    0    0    
86    22.462603727659616    0    0    0    0    0    0    0    
87    21.929930577954934    0    0    0    0    0    0    0    
88    22.67589016958184    0    0    0    0    0    0    0    
89    22.379314674136495    0    0    0    0    0    0    0    
90    22.250386272575046    0    0    0    0    0    0    0    
91    22.398754021278858    0    0    0    0    0    0    0    
92    22.723131013905824    0    0    0    0    0    0    0    
93    22.44619964516351    0    0    0    0    0    0    0    
94    22.17438757295468    0    0    0    0    0    0    0    
95    22.296207419193202    0    0    0    0    0    0    0    
96    21.981836246300027    0    0    0    0    0    0    0    
97    22.459412637801154    0    0    0    0    0    0    0    
98    22.520969159457348    0    0    0    0    0    0    0    
99    22.231661187326953    0    0    0    0    0    0    0    
100    22.348497565148918    0    0    0    0    0    0    0    
101    22.50045570233969    0    0    0    0    0    0    0    
102    22.24389586235041    0    0    0    0    0    0    0    
103    22.48788312211398    0    0    0    0    0    0    0    
104    22.467303193412206    0    0    0    0    0    0    0    
105    22.639037812011974    0    0    0    0    0    0    0    
106    22.220085517051402    0    0    0    0    0    0    0    
107    22.300531632074822    0    0    0    0    0    0    0    
108    22.64449834863333    0    0    0    0    0    0    0    
109    22.122487011621786    0    0    0    0    0    0    0    
110    22.89618082499361    0    0    0    0    0    0    0    
111    22.206244093346207    0    0    0    0    0    0    0    
112    22.317655073154896    0    0    0    0    0    0    0    
113    22.370448963412198    0    0    0    0    0    0    0    
114    22.386842935965188    0    0    0    0    0    0    0    
115    22.489814024562975    0    0    0    0    0    0    0    
116    21.66892794689388    0    0    0    0    0    0    0    
117    22.62429487375435    0    0    0    0    0    0    0    
118    22.18007567653935    0    0    0    0    0    0    0    
119    22.32639642218551    0    0    0    0    0    0    0    
120    22.496003159088975    0    0    0    0    0    0    0    
121    22.186400878623783    0    0    0    0    0    0    0    
122    22.474033186371177    0    0    0    0    0    0    0    
123    22.15270189232844    0    0    0    0    0    0    0    
124    22.487356081760634    0    0    0    0    0    0    0    
125    22.162974505088894    0    0    0    0    0    0    0    
126    22.664130551468524    0    0    0    0    0    0    0    
127    22.075075966567585    0    0    0    0    0    0    0    
128    21.73108794423654    0    0    0    0    0    0    0    
129    22.129191558072314    0    0    0    0    0    0    0    
130    22.351538883261874    0    0    0    0    0    0    0    
131    22.495389381097024    0    0    0    0    0    0    0    
132    22.11790488065057    0    0    0    0    0    0    0    
133    21.898780103093152    0    0    0    0    0    0    0    
134    22.423408447069146    0    0    0    0    0    0    0    
135    22.383716607838046    0    0    0    0    0    0    0    
136    22.48473199736607    0    0    0    0    0    0    0    
137    22.35760582883756    0    0    0    0    0    0    0    
138    22.63145625462208    0    0    0    0    0    0    0    
139    22.006320917721105    0    0    0    0    0    0    0    
140    22.210401220712047    0    0    0    0    0    0    0    
141    22.52380672897957    0    0    0    0    0    0    0    
142    22.751887436575732    0    0    0    0    0    0    0    
143    22.414473889492886    0    0    0    0    0    0    0    
144    22.41211990018511    0    0    0    0    0    0    0    
145    22.71485442505711    0    0    0    0    0    0    0    
146    21.931001678685636    0    0    0    0    0    0    0    
147    22.733394908490126    0    0    0    0    0    0    0    
148    22.529478429076587    0    0    0    0    0    0    0    
149    21.94057501718094    0    0    0    0    0    0    0    
150    22.236304379330083    0    0    0    0    0    0    0    
151    22.256577780574652    0    0    0    0    0    0    0    
152    22.470968691503877    0    0    0    0    0    0    0    
153    22.152996107913033    0    0    0    0    0    0    0    
154    22.706997412315207    0    0    0    0    0    0    0    
155    22.227803510019235    0    0    0    0    0    0    0    
156    22.15406139742747    0    0    0    0    0    0    0    
157    22.203371759397825    0    0    0    0    0    0    0    
158    22.081085028194497    0    0    0    0    0    0    0    
159    22.155676008063732    0    0    0    0    0    0    0    
160    22.338210403340653    0    0    0    0    0    0    0    
161    22.11987059426146    0    0    0    0    0    0    0    
162    22.567960556417773    0    0    0    0    0    0    0    
163    22.0791551777835    0    0    0    0    0    0    0    
164    22.65103265908018    0    0    0    0    0    0    0    
165    22.18413978885458    0    0    0    0    0    0    0    
166    22.313408269308745    0    0    0    0    0    0    0    
167    22.54055489482888    0    0    0    0    0    0    0    
168    22.261777453665204    0    0    0    0    0    0    0    
169    22.31592390363089    0    0    0    0    0    0    0    
170    22.77543254784925    0    0    0    0    0    0    0    
171    22.217926242691444    0    0    0    0    0    0    0    
172    22.1092790305887    0    0    0    0    0    0    0    
173    22.136872926591238    0    0    0    0    0    0    0    
174    22.613539246009534    0    0    0    0    0    0    0    
175    22.22013395217515    0    0    0    0    0    0    0    
176    22.115900636024264    0    0    0    0    0    0    0    
177    22.628552182186457    0    0    0    0    0    0    0    
178    22.452118806324467    0    0    0    0    0    0    0    
179    22.337583661384347    0    0    0    0    0    0    0    
180    22.09511427367201    0    0    0    0    0    0    0    
181    22.09057833736579    0    0    0    0    0    0    0    
182    22.551324008642062    0    0    0    0    0    0    0    
183    22.256353864524836    0    0    0    0    0    0    0    
184    22.605556390574645    0    0    0    0    0    0    0    
185    22.185312988331585    0    0    0    0    0    0    0    
186    22.17118871270677    0    0    0    0    0    0    0    
187    22.416320875549186    0    0    0    0    0    0    0    
188    22.051190764383094    0    0    0    0    0    0    0    
189    22.214927303885023    0    0    0    0    0    0    0    
190    22.11758273994403    0    0    0    0    0    0    0    
191    22.298961104949466    0    0    0    0    0    0    0    
192    22.542157192637717    0    0    0    0    0    0    0    
193    22.26033081100018    0    0    0    0    0    0    0    
194    22.738155167041985    0    0    0    0    0    0    0    
195    22.20625112797966    0    0    0    0    0    0    0    
196    22.004564884333124    0    0    0    0    0    0    0    
197    22.37217138903235    0    0    0    0    0    0    0    
198    22.55292966504522    0    0    0    0    0    0    0    
199    21.873921339997644    0    0    0    0    0    0    0    
200    22.577205991563844    0    0    0    0    0    0    0    
201    22.1915589952412    0    0    0    0    0    0    0    
202    22.057385712839213    0    0    0    0    0    0    0    
203    22.29078852001456    0    0    0    0    0    0    0    
204    22.637184432719863    0    0    0    0    0    0    0    
205    22.431842660912082    0    0    0    0    0    0    0    
206    22.84929415172146    0    0    0    0    0    0    0    
207    22.27772193731055    0    0    0    0    0    0    0    
208    22.454886997948517    0    0    0    0    0    0    0    
209    22.242387553944834    0    0    0    0    0    0    0    
210    22.291120342317793    0    0    0    0    0    0    0    
211    22.373934972953844    0    0    0    0    0    0    0    
212    21.880488017748196    0    0    0    0    0    0    0    
213    22.22695580312388    0    0    0    0    0    0    0    
214    22.589599739231335    0    0    0    0    0    0    0    
215    22.132551192152977    0    0    0    0    0    0    0    
216    22.332042561465578    0    0    0    0    0    0    0    
217    22.39854631567974    0    0    0    0    0    0    0    
218    21.868418604888102    0    0    0    0    0    0    0    
219    22.053816788107774    0    0    0    0    0    0    0    
220    22.45802892019478    0    0    0    0    0    0    0    
221    22.030318725573814    0    0    0    0    0    0    0    
222    22.271918423843495    0    0    0    0    0    0    0    
223    22.485205590091326    0    0    0    0    0    0    0    
224    21.92506215564542    0    0    0    0    0    0    0    
225    22.295516820780215    0    0    0    0    0    0    0    
226    22.48083585900985    0    0    0    0    0    0    0    
227    22.208141451936044    0    0    0    0    0    0    0    
228    22.315066099193608    0    0    0    0    0    0    0    
229    22.546224954442163    0    0    0    0    0    0    0    
230    22.122947571844094    0    0    0    0    0    0    0    
231    22.347363076493476    0    0    0    0    0    0    0    
232    22.279507581997624    0    0    0    0    0    0    0    
233    22.12606191984945    0    0    0    0    0    0    0    
234    22.322483695007293    0    0    0    0    0    0    0    
235    21.92030317114452    0    0    0    0    0    0    0    
236    22.45616274328302    0    0    0    0    0    0    0    
237    22.26195693731402    0    0    0    0    0    0    0    
238    22.358492889304564    0    0    0    0    0    0    0    
239    22.547762168691815    0    0    0    0    0    0    0    
240    22.284524550536773    0    0    0    0    0    0    0    
241    22.24257610119839    0    0    0    0    0    0    0    
242    22.564645143723844    0    0    0    0    0    0    0    
243    22.524709494943874    0    0    0    0    0    0    0    
244    22.22280112592658    0    0    0    0    0    0    0    
245    22.653676080718135    0    0    0    0    0    0    0    
246    22.16075955591475    0    0    0    0    0    0    0    
247    21.841123607866933    0    0    0    0    0    0    0    
248    22.438603216680445    0    0    0    0    0    0    0    
249    22.36328944009264    0    0    0    0    0    0    0    
250    22.42352139433812    0    0    0    0    0    0    0    
251    22.505441018943362    0    0    0    0    0    0    0    
252    22.68543358719386    0    0    0    0    0    0    0    
253    22.775034165141705    0    0    0    0    0    0    0    
254    22.312861248491462    0    0    0    0    0    0    0    
255    22.109755332142733    0    0    0    0    0    0    0    
256    22.41167627241825    0    0    0    0    0    0    0    
257    22.44806080176296    0    0    0    0    0    0    0    
258    22.155200090727746    0    0    0    0    0    0    0    
259    22.151163619984164    0    0    0    0    0    0    0    
260    22.7296411404019    0    0    0    0    0    0    0    
261    22.291240009919406    0    0    0    0    0    0    0    
262    21.8290726563833    0    0    0    0    0    0    0    
263    21.984709580255274    0    0    0    0    0    0    0    
264    22.257428578151544    0    0    0    0    0    0    0    
265    22.213238656599756    0    0    0    0    0    0    0    
266    22.168281218381374    0    0    0    0    0    0    0    
267    22.097746424175256    0    0    0    0    0    0    0    
268    22.339682310371135    0    0    0    0    0    0    0    
269    22.417017159298982    0    0    0    0    0    0    0    
270    22.4316068689534    0    0    0    0    0    0    0    
271    22.411624979180946    0    0    0    0    0    0    0    
272    22.15084192636012    0    0    0    0    0    0    0    
273    22.832857133582753    0    0    0    0    0    0    0    
274    22.561150932486573    0    0    0    0    0    0    0    
275    22.14910010805392    0    0    0    0    0    0    0    
276    22.213205122747578    0    0    0    0    0    0    0    
277    22.27907393761685    0    0    0    0    0    0    0    
278    22.126640598246148    0    0    0    0    0    0    0    
279    22.13906731648529    0    0    0    0    0    0    0    
280    22.903204121474687    0    0    0    0    0    0    0    
281    22.56197716633238    0    0    0    0    0    0    0    
282    22.520024810603758    0    0    0    0    0    0    0    
283    21.99275166233945    0    0    0    0    0    0    0    
284    22.101654748758165    0    0    0    0    0    0    0    
285    22.367837924271917    0    0    0    0    0    0    0    
286    22.48645734434747    0    0    0    0    0    0    0    
287    22.367155918913067    0    0    0    0    0    0    0    
288    22.388298771779528    0    0    0    0    0    0    0    
289    22.08919506614871    0    0    0    0    0    0    0    
290    22.3852028706639    0    0    0    0    0    0    0    
291    22.642352325236146    0    0    0    0    0    0    0    
292    22.48034091635884    0    0    0    0    0    0    0    
293    22.09374988559396    0    0    0    0    0    0    0    
294    22.441349056192582    0    0    0    0    0    0    0    
295    22.360438796529394    0    0    0    0    0    0    0    
296    22.16891288407095    0    0    0    0    0    0    0    
297    22.208127616696537    0    0    0    0    0    0    0    
298    22.39880051554136    0    0    0    0    0    0    0    
299    22.278558987767774    0    0    0    0    0    0    0    
300    22.168473283191332    0    0    0    0    0    0    0    
301    21.989665907138797    0    0    0    0    0    0    0    
302    22.151694624905485    0    0    0    0    0    0    0    
303    22.678716270949092    0    0    0    0    0    0    0    
304    22.182365211870636    0    0    0    0    0    0    0    
305    22.208580373346138    0    0    0    0    0    0    0    
306    22.211368688535217    0    0    0    0    0    0    0    
307    22.29037023403044    0    0    0    0    0    0    0    
308    22.159947266575895    0    0    0    0    0    0    0    
309    22.20412038940874    0    0    0    0    0    0    0    
310    22.1935141866855    0    0    0    0    0    0    0    
311    22.578381581921366    0    0    0    0    0    0    0    
312    21.749761439065132    0    0    0    0    0    0    0    
313    22.259330189477    0    0    0    0    0    0    0    
314    22.520858234890397    0    0    0    0    0    0    0    
315    22.335840747596322    0    0    0    0    0    0    0    
316    22.231778306555018    0    0    0    0    0    0    0    
317    21.978888909453616    0    0    0    0    0    0    0    
318    22.374658100713788    0    0    0    0    0    0    0    
319    22.012207234933953    0    0    0    0    0    0    0    
320    21.905513792975597    0    0    0    0    0    0    0    
321    22.263584388380494    0    0    0    0    0    0    0    
322    22.431977217660943    0    0    0    0    0    0    0    
323    22.256212991693417    0    0    0    0    0    0    0    
324    22.401799155659337    0    0    0    0    0    0    0    
325    22.288703172868516    0    0    0    0    0    0    0    
326    22.84126206579429    0    0    0    0    0    0    0    
327    22.060732759588596    0    0    0    0    0    0    0    
328    22.174762197059398    0    0    0    0    0    0    0    
329    22.02699204289151    0    0    0    0    0    0    0    
330    22.277257782557882    0    0    0    0    0    0    0    
331    22.417238687518584    0    0    0    0    0    0    0    
332    22.236541703843884    0    0    0    0    0    0    0    
333    22.323583909000448    0    0    0    0    0    0    0    
334    22.757218494488093    0    0    0    0    0    0    0    
335    21.96161964189114    0    0    0    0    0    0    0    
336    22.439797871342495    0    0    0    0    0    0    0    
337    22.14122457476232    0    0    0    0    0    0    0    
338    22.264698840838125    0    0    0    0    0    0    0    
339    22.33996570540865    0    0    0    0    0    0    0    
340    21.97414372907895    0    0    0    0    0    0    0    
341    22.23003317958477    0    0    0    0    0    0    0    
342    22.319033071488477    0    0    0    0    0    0    0    
343    22.25201303835474    0    0    0    0    0    0    0    
344    22.515423561032502    0    0    0    0    0    0    0    
345    22.879465299754603    0    0    0    0    0    0    0    
346    22.77640751198709    0    0    0    0    0    0    0    
347    22.21490422576878    0    0    0    0    0    0    0    
348    22.483440613351153    0    0    0    0    0    0    0    
349    21.7825160389947    0    0    0    0    0    0    0    
350    22.604633009416947    0    0    0    0    0    0    0    
351    22.52000998747567    0    0    0    0    0    0    0    
352    22.35939999341683    0    0    0    0    0    0    0    
353    22.663022330459388    0    0    0    0    0    0    0    
354    22.326954713671068    0    0    0    0    0    0    0    
355    22.200274962605217    0    0    0    0    0    0    0    
356    22.424719776605688    0    0    0    0    0    0    0    
357    22.2642451547271    0    0    0    0    0    0    0    
358    22.336857604771197    0    0    0    0    0    0    0    
359    22.34116732476779    0    0    0    0    0    0    0    
360    22.40976161192931    0    0    0    0    0    0    0    
361    22.24467234319705    0    0    0    0    0    0    0    
362    22.62193752684723    0    0    0    0    0    0    0    
363    22.043143615891832    0    0    0    0    0    0    0    
364    22.20796743759241    0    0    0    0    0    0    0    
365    22.641121739151657    0    0    0    0    0    0    0    
366    22.6016898373246    0    0    0    0    0    0    0    
367    22.682935021212263    0    0    0    0    0    0    0    
368    22.43733608041158    0    0    0    0    0    0    0    
369    22.22813665060209    0    0    0    0    0    0    0    
370    22.364696448130342    0    0    0    0    0    0    0    
371    22.155154292634787    0    0    0    0    0    0    0    
372    22.201654237697145    0    0    0    0    0    0    0    
373    22.79123428007763    0    0    0    0    0    0    0    
374    22.37159682776553    0    0    0    0    0    0    0    
375    22.371250065481565    0    0    0    0    0    0    0    
376    22.004273698568674    0    0    0    0    0    0    0    
377    22.491674868027584    0    0    0    0    0    0    0    
378    22.287248108232387    0    0    0    0    0    0    0    
379    23.015220967613235    0    0    0    0    0    0    0    
380    22.65994845568729    0    0    0    0    0    0    0    
381    22.272861422566503    0    0    0    0    0    0    0    
382    22.11418266300627    0    0    0    0    0    0    0    
383    22.32593800405134    0    0    0    0    0    0    0    
384    22.35089217894966    0    0    0    0    0    0    0    
385    22.35635568318806    0    0    0    0    0    0    0    
386    22.523252098841816    0    0    0    0    0    0    0    
387    21.91739185160942    0    0    0    0    0    0    0    
388    22.569704562993774    0    0    0    0    0    0    0    
389    22.041969562708516    0    0    0    0    0    0    0    
390    22.627350800640382    0    0    0    0    0    0    0    
391    22.976396398362333    0    0    0    0    0    0    0    
392    22.184944982606424    0    0    0    0    0    0    0    
393    22.109814113458828    0    0    0    0    0    0    0    
394    21.82484867719511    0    0    0    0    0    0    0    
395    21.705833540053124    0    0    0    0    0    0    0    
396    22.252531496777443    0    0    0    0    0    0    0    
397    22.081092248916804    0    0    0    0    0    0    0    
398    22.401690193005532    0    0    0    0    0    0    0    
399    22.261205431219953    0    0    0    0    0    0    0    
400    22.32959730445787    0    0    0    0    0    0    0    
401    22.353337285720865    0    0    0    0    0    0    0    
402    22.081171027712802    0    0    0    0    0    0    0    
403    22.297104366296395    0    0    0    0    0    0    0    
404    22.666230739602835    0    0    0    0    0    0    0    
405    22.508556169492902    0    0    0    0    0    0    0    
406    22.291688955843675    0    0    0    0    0    0    0    
407    22.5474444017541    0    0    0    0    0    0    0    
408    22.396125675961247    0    0    0    0    0    0    0    
409    21.884584365761043    0    0    0    0    0    0    0    
410    22.733836384217668    0    0    0    0    0    0    0    
411    22.282234367813512    0    0    0    0    0    0    0    
412    22.351399373770462    0    0    0    0    0    0    0    
413    22.51945939107895    0    0    0    0    0    0    0    
414    22.48510642217661    0    0    0    0    0    0    0    
415    21.88878153720981    0    0    0    0    0    0    0    
416    22.39151080829445    0    0    0    0    0    0    0    
417    21.9383418832354    0    0    0    0    0    0    0    
418    22.58020515909917    0    0    0    0    0    0    0    
419    22.037657929725558    0    0    0    0    0    0    0    
420    22.189336910353667    0    0    0    0    0    0    0    
421    22.066981181026733    0    0    0    0    0    0    0    
422    22.714266767234445    0    0    0    0    0    0    0    
423    21.914588643220263    0    0    0    0    0    0    0    
424    21.986198591606005    0    0    0    0    0    0    0    
425    22.280735930332572    0    0    0    0    0    0    0    
426    22.558965346109158    0    0    0    0    0    0    0    
427    22.52561723776532    0    0    0    0    0    0    0    
428    22.084985993223484    0    0    0    0    0    0    0    
429    22.44743733408404    0    0    0    0    0    0    0    
430    22.21436156165471    0    0    0    0    0    0    0    
431    22.173173262877782    0    0    0    0    0    0    0    
432    22.159087666448293    0    0    0    0    0    0    0    
433    22.200559689286564    0    0    0    0    0    0    0    
434    22.20385490046991    0    0    0    0    0    0    0    
435    22.267645424069077    0    0    0    0    0    0    0    
436    22.15120819173317    0    0    0    0    0    0    0    
437    22.54003838326502    0    0    0    0    0    0    0    
438    22.11162338637062    0    0    0    0    0    0    0    
439    21.905892070535103    0    0    0    0    0    0    0    
440    22.217571769977702    0    0    0    0    0    0    0    
441    22.534550818602288    0    0    0    0    0    0    0    
442    22.488893422692932    0    0    0    0    0    0    0    
443    22.255855163469132    0    0    0    0    0    0    0    
444    22.305313917340747    0    0    0    0    0    0    0    
445    22.49570854295437    0    0    0    0    0    0    0    
446    22.355108137998158    0    0    0    0    0    0    0    
447    22.221070335234522    0    0    0    0    0    0    0    
448    22.088755083960198    0    0    0    0    0    0    0    
449    22.06323794310208    0    0    0    0    0    0    0    
450    22.40360681709874    0    0    0    0    0    0    0    
451    22.55758434868814    0    0    0    0    0    0    0    
452    22.120781644698603    0    0    0    0    0    0    0    
453    22.237843601830317    0    0    0    0    0    0    0    
454    22.261338256440695    0    0    0    0    0    0    0    
455    22.15191591975568    0    0    0    0    0    0    0    
456    21.977146635832103    0    0    0    0    0    0    0    
457    22.6364281923376    0    0    0    0    0    0    0    
458    22.263745415628208    0    0    0    0    0    0    0    
459    22.111797224266564    0    0    0    0    0    0    0    
460    22.3216694854585    0    0    0    0    0    0    0    
461    21.79446819384241    0    0    0    0    0    0    0    
462    22.633038572409294    0    0    0    0    0    0    0    
463    22.220894402204568    0    0    0    0    0    0    0    
464    22.66848502926392    0    0    0    0    0    0    0    
465    22.636461085111076    0    0    0    0    0    0    0    
466    22.635912473010684    0    0    0    0    0    0    0    
467    22.388869957640715    0    0    0    0    0    0    0    
468    22.339335439442504    0    0    0    0    0    0    0    
469    22.392373588688667    0    0    0    0    0    0    0    
470    21.963500600144478    0    0    0    0    0    0    0    
471    22.3709723770204    0    0    0    0    0    0    0    
472    21.865662306810094    0    0    0    0    0    0    0    
473    22.66250948167688    0    0    0    0    0    0    0    
474    22.6520857907798    0    0    0    0    0    0    0    
475    22.23363422714557    0    0    0    0    0    0    0    
476    22.07574538998295    0    0    0    0    0    0    0    
477    22.53911042536822    0    0    0    0    0    0    0    
478    22.645500696152887    0    0    0    0    0    0    0    
479    22.45473301243261    0    0    0    0    0    0    0    
480    22.2436107709066    0    0    0    0    0    0    0    
481    22.390417805690753    0    0    0    0    0    0    0    
482    21.660280268549666    0    0    0    0    0    0    0    
483    22.088472151357806    0    0    0    0    0    0    0    
484    22.315728042989747    0    0    0    0    0    0    0    
485    21.951794767529165    0    0    0    0    0    0    0    
486    22.335971027281797    0    0    0    0    0    0    0    
487    22.203261223142988    0    0    0    0    0    0    0    
488    22.215461538127123    0    0    0    0    0    0    0    
489    22.186465106186525    0    0    0    0    0    0    0    
490    22.2566436486955    0    0    0    0    0    0    0    
491    22.372436629430542    0    0    0    0    0    0    0    
492    22.135698163194384    0    0    0    0    0    0    0    
493    22.588757931889354    0    0    0    0    0    0    0    
494    22.260629011633256    0    0    0    0    0    0    0    
495    22.587132675183877    0    0    0    0    0    0    0    
496    22.43387086249688    0    0    0    0    0    0    0    
497    21.77161170399452    0    0    0    0    0    0    0    
498    22.366580921593247    0    0    0    0    0    0    0    
499    22.673263431925015    0    0    0    0    0    0    0    
500    22.749560992261063    0    0    0    0    0    0    0    
501    22.173012874267737    0    0    0    0    0    0    0    
502    22.214172227086387    0    0    0    0    0    0    0    
503    22.537934170222602    0    0    0    0    0    0    0    
504    22.14689962747825    0    0    0    0    0    0    0    
505    22.58208943641188    0    0    0    0    0    0    0    
506    22.277303217935724    0    0    0    0    0    0    0    
507    22.382017331213014    0    0    0    0    0    0    0    
508    22.522054033440643    0    0    0    0    0    0    0    
509    22.360651006848858    0    0    0    0    0    0    0    
510    22.079629450023987    0    0    0    0    0    0    0    
511    22.35944941348316    0    0    0    0    0    0    0    
512    22.211442608943678    0    0    0    0    0    0    0    
513    22.255705253962315    0    0    0    0    0    0    0    
514    22.419994407149385    0    0    0    0    0    0    0    
515    22.446021239839748    0    0    0    0    0    0    0    
516    22.439791656271346    0    0    0    0    0    0    0    
517    22.551278300960018    0    0    0    0    0    0    0    
518    22.419931809429514    0    0    0    0    0    0    0    
519    22.682960092271983    0    0    0    0    0    0    0    
520    22.70477995042205    0    0    0    0    0    0    0    
521    21.770575085614848    0    0    0    0    0    0    0    
522    22.33694018908916    0    0    0    0    0    0    0    
523    21.990330581475533    0    0    0    0    0    0    0    
524    22.121643329791773    0    0    0    0    0    0    0    
525    22.45657445346566    0    0    0    0    0    0    0    
526    22.354108207307178    0    0    0    0    0    0    0    
527    22.405168012460564    0    0    0    0    0    0    0    
528    22.4700457162339    0    0    0    0    0    0    0    
529    22.74285265001776    0    0    0    0    0    0    0    
530    22.018353717745498    0    0    0    0    0    0    0    
531    22.386380722862935    0    0    0    0    0    0    0    
532    22.253038641184776    0    0    0    0    0    0    0    
533    22.213337873799844    0    0    0    0    0    0    0    
534    22.707499286267428    0    0    0    0    0    0    0    
535    22.189932605462566    0    0    0    0    0    0    0    
536    22.266535960934334    0    0    0    0    0    0    0    
537    22.423720682314833    0    0    0    0    0    0    0    
538    22.72353046032193    0    0    0    0    0    0    0    
539    22.135702010124298    0    0    0    0    0    0    0    
540    21.877114177139354    0    0    0    0    0    0    0    
541    22.46999652983294    0    0    0    0    0    0    0    
542    22.633271236828694    0    0    0    0    0    0    0    
543    21.914136722987486    0    0    0    0    0    0    0    
544    22.67573471323998    0    0    0    0    0    0    0    
545    22.327302086431644    0    0    0    0    0    0    0    
546    22.294487589940058    0    0    0    0    0    0    0    
547    22.340469721938398    0    0    0    0    0    0    0    
548    22.613475550146756    0    0    0    0    0    0    0    
549    22.346073278091076    0    0    0    0    0    0    0    
550    22.53678575163874    0    0    0    0    0    0    0    
551    22.632663295082484    0    0    0    0    0    0    0    
552    22.227292090537407    0    0    0    0    0    0    0    
553    22.686885860802796    0    0    0    0    0    0    0    
554    22.455555709084422    0    0    0    0    0    0    0    
555    22.057549288956313    0    0    0    0    0    0    0    
556    22.170383957641334    0    0    0    0    0    0    0    
557    22.34280691656846    0    0    0    0    0    0    0    
558    22.181776193314917    0    0    0    0    0    0    0    
559    22.175160935897004    0    0    0    0    0    0    0    
560    22.596067883622926    0    0    0    0    0    0    0    
561    22.454154800296592    0    0    0    0    0    0    0    
562    22.715690480224076    0    0    0    0    0    0    0    
563    22.745284408734197    0    0    0    0    0    0    0    
564    22.35442369938714    0    0    0    0    0    0    0    
565    22.49830809925993    0    0    0    0    0    0    0    
566    22.815207547241677    0    0    0    0    0    0    0    
567    22.24712974299458    0    0    0    0    0    0    0    
568    21.841347804402385    0    0    0    0    0    0    0    
569    22.41502886491156    0    0    0    0    0    0    0    
570    22.434825351432597    0    0    0    0    0    0    0    
571    21.948179625512136    0    0    0    0    0    0    0    
572    22.402661950992588    0    0    0    0    0    0    0    
573    22.10482685269012    0    0    0    0    0    0    0    
574    22.793195085433826    0    0    0    0    0    0    0    
575    22.588988152046465    0    0    0    0    0    0    0    
576    22.232707364212402    0    0    0    0    0    0    0    
577    22.367814862765666    0    0    0    0    0    0    0    
578    21.95218392933116    0    0    0    0    0    0    0    
579    22.007036755807952    0    0    0    0    0    0    0    
580    22.241523054267283    0    0    0    0    0    0    0    
581    22.171952810818265    0    0    0    0    0    0    0    
582    22.15605048162891    0    0    0    0    0    0    0    
583    22.37910733650836    0    0    0    0    0    0    0    
584    22.179363991528316    0    0    0    0    0    0    0    
585    22.12706992561291    0    0    0    0    0    0    0    
586    22.401299036602023    0    0    0    0    0    0    0    
587    22.74866168942118    0    0    0    0    0    0    0    
588    22.668428790385352    0    0    0    0    0    0    0    
589    21.990076441692658    0    0    0    0    0    0    0    
590    22.435972793469773    0    0    0    0    0    0    0    
591    22.36468438888469    0    0    0    0    0    0    0    
592    22.65504462946396    0    0    0    0    0    0    0    
593    22.651005850777192    0    0    0    0    0    0    0    
594    21.84300039303617    0    0    0    0    0    0    0    
595    22.12512911571474    0    0    0    0    0    0    0    
596    22.592063753742096    0    0    0    0    0    0    0    
597    22.332257991757917    0    0    0    0    0    0    0    
598    22.40768423741494    0    0    0    0    0    0    0    
599    22.07696795902989    0    0    0    0    0    0    0    
600    22.522541349622728    0    0    0    0    0    0    0    
601    22.20781445307057    0    0    0    0    0    0    0    
602    22.04560075511151    0    0    0    0    0    0    0    
603    22.17167824910408    0    0    0    0    0    0    0    
604    22.1546326843133    0    0    0    0    0    0    0    
605    21.954753133678448    0    0    0    0    0    0    0    
606    22.209745344173488    0    0    0    0    0    0    0    
607    22.440817411110572    0    0    0    0    0    0    0    
608    22.477650431887287    0    0    0    0    0    0    0    
609    22.802051208063876    0    0    0    0    0    0    0    
610    22.587560819938545    0    0    0    0    0    0    0    
611    22.233648270768448    0    0    0    0    0    0    0    
612    21.826941189182534    0    0    0    0    0    0    0    
613    22.23497604665605    0    0    0    0    0    0    0    
614    22.176266863246944    0    0    0    0    0    0    0    
615    22.178645864996376    0    0    0    0    0    0    0    
616    22.470412240832257    0    0    0    0    0    0    0    
617    22.31745242996316    0    0    0    0    0    0    0    
618    22.36251354592621    0    0    0    0    0    0    0    
619    22.58878864317955    0    0    0    0    0    0    0    
620    22.602516249615288    0    0    0    0    0    0    0    
621    22.135117318258967    0    0    0    0    0    0    0    
622    22.22936402020342    0    0    0    0    0    0    0    
623    22.07772615765169    0    0    0    0    0    0    0    
624    22.17221279668981    0    0    0    0    0    0    0    
625    21.940163784596518    0    0    0    0    0    0    0    
626    22.129010245417913    0    0    0    0    0    0    0    
627    22.21985165473728    0    0    0    0    0    0    0    
628    22.194906951442896    0    0    0    0    0    0    0    
629    22.216279226294056    0    0    0    0    0    0    0    
630    22.29374097931121    0    0    0    0    0    0    0    
631    22.44409130731237    0    0    0    0    0    0    0    
632    22.121732129083885    0    0    0    0    0    0    0    
633    21.850576037786333    0    0    0    0    0    0    0    
634    22.133425960692687    0    0    0    0    0    0    0    
635    21.750431880464735    0    0    0    0    0    0    0    
636    22.30915453086087    0    0    0    0    0    0    0    
637    22.347521899374243    0    0    0    0    0    0    0    
638    21.9362127383662    0    0    0    0    0    0    0    
639    22.06721513743799    0    0    0    0    0    0    0    
640    22.515778324644604    0    0    0    0    0    0    0    
641    22.104337751145867    0    0    0    0    0    0    0    
642    22.659311989640457    0    0    0    0    0    0    0    
643    22.397957622005464    0    0    0    0    0    0    0    
644    22.45934762803893    0    0    0    0    0    0    0    
645    22.078383980153102    0    0    0    0    0    0    0    
646    21.856883128080135    0    0    0    0    0    0    0    
647    22.221738939713795    0    0    0    0    0    0    0    
648    21.943170046446347    0    0    0    0    0    0    0    
649    21.809394227366266    0    0    0    0    0    0    0    
650    22.14654491279765    0    0    0    0    0    0    0    
651    22.18904412311254    0    0    0    0    0    0    0    
652    22.595701895342078    0    0    0    0    0    0    0    
653    22.33141518637451    0    0    0    0    0    0    0    
654    22.572800114704943    0    0    0    0    0    0    0    
655    22.067764861305744    0    0    0    0    0    0    0    
656    22.377345917298793    0    0    0    0    0    0    0    
657    21.97237219343362    0    0    0    0    0    0    0    
658    22.618753613914823    0    0    0    0    0    0    0    
659    22.62590192581345    0    0    0    0    0    0    0    