! OpenFAST Deterministic Wind File
#
# Comment lines begin with "!" or "#" or "%", then the data lines must contain the following columns:
#
# If there are only 8 columns, upflow is assumed to be 0.
#
# Parameters are interpolated linearly between time steps; using nearest neighbor before the first time 
# listed in this file and after the last time listed in the file. 
#
! Time     Wind    Wind    Vertical    Horiz.      Pwr.Law     Lin.Vert.   Gust     Upflow
!          Speed   Dir     Speed       Shear       Vert.Shr    Shear       Speed    Angle 
! (sec)    (m/s)   (Deg)   (m/s)                                            (m/s)   (deg)
0    23.317790684162368    0    0    0    0    0    0    0    
1    23.719056412285223    0    0    0    0    0    0    0    
2    23.568600239907372    0    0    0    0    0    0    0    
3    22.53620718285655    0    0    0    0    0    0    0    
4    22.91807910633016    0    0    0    0    0    0    0    
5    23.285809569714043    0    0    0    0    0    0    0    
6    23.275773143890383    0    0    0    0    0    0    0    
7    22.847200286710166    0    0    0    0    0    0    0    
8    22.69710730044777    0    0    0    0    0    0    0    
9    22.71082446316063    0    0    0    0    0    0    0    
10    23.754728381735603    0    0    0    0    0    0    0    
11    22.856446385467226    0    0    0    0    0    0    0    
12    22.752671232268295    0    0    0    0    0    0    0    
13    24.039966194839753    0    0    0    0    0    0    0    
14    22.603177711930226    0    0    0    0    0    0    0    
15    22.723906270164616    0    0    0    0    0    0    0    
16    22.953856948850856    0    0    0    0    0    0    0    
17    23.173170308647688    0    0    0    0    0    0    0    
18    22.61941826754183    0    0    0    0    0    0    0    
19    22.70544137948172    0    0    0    0    0    0    0    
20    22.95499655337507    0    0    0    0    0    0    0    
21    23.294757349347    0    0    0    0    0    0    0    
22    22.842071335175326    0    0    0    0    0    0    0    
23    22.93670485997839    0    0    0    0    0    0    0    
24    23.458662082296904    0    0    0    0    0    0    0    
25    23.699143100160015    0    0    0    0    0    0    0    
26    22.77652511852534    0    0    0    0    0    0    0    
27    24.48484038938172    0    0    0    0    0    0    0    
28    24.243609970165792    0    0    0    0    0    0    0    
29    22.972055919737326    0    0    0    0    0    0    0    
30    22.45468524834679    0    0    0    0    0    0    0    
31    22.591973996154806    0    0    0    0    0    0    0    
32    23.86901905188214    0    0    0    0    0    0    0    
33    22.855250597136163    0    0    0    0    0    0    0    
34    23.046105089727636    0    0    0    0    0    0    0    
35    23.804415498753652    0    0    0    0    0    0    0    
36    23.42117364403298    0    0    0    0    0    0    0    
37    23.089416188534233    0    0    0    0    0    0    0    
38    22.948180120600533    0    0    0    0    0    0    0    
39    23.08447772455998    0    0    0    0    0    0    0    
40    22.583799382727626    0    0    0    0    0    0    0    
41    23.22141100673183    0    0    0    0    0    0    0    
42    23.792036532417768    0    0    0    0    0    0    0    
43    23.163612211246207    0    0    0    0    0    0    0    
44    22.95984127933266    0    0    0    0    0    0    0    
45    23.784905660122703    0    0    0    0    0    0    0    
46    23.56842605596854    0    0    0    0    0    0    0    
47    23.875645133821482    0    0    0    0    0    0    0    
48    22.63148272565153    0    0    0    0    0    0    0    
49    23.676101892563736    0    0    0    0    0    0    0    
50    23.168236780364655    0    0    0    0    0    0    0    
51    22.999760637721497    0    0    0    0    0    0    0    
52    23.509347861198332    0    0    0    0    0    0    0    
53    23.586908667170857    0    0    0    0    0    0    0    
54    23.50754118670438    0    0    0    0    0    0    0    
55    22.27663166534505    0    0    0    0    0    0    0    
56    23.527303990006846    0    0    0    0    0    0    0    
57    23.09602239941288    0    0    0    0    0    0    0    
58    22.944359158491466    0    0    0    0    0    0    0    
59    22.565688291443195    0    0    0    0    0    0    0    
60    23.98216418510145    0    0    0    0    0    0    0    
61    22.547028475319767    0    0    0    0    0    0    0    
62    23.904114812387103    0    0    0    0    0    0    0    
63    22.86754356031879    0    0    0    0    0    0    0    
64    23.111842538998822    0    0    0    0    0    0    0    
65    22.417199335016022    0    0    0    0    0    0    0    
66    22.997446480997958    0    0    0    0    0    0    0    
67    23.819913102510988    0    0    0    0    0    0    0    
68    23.189685578875398    0    0    0    0    0    0    0    
69    23.313492370501525    0    0    0    0    0    0    0    
70    23.088287125199646    0    0    0    0    0    0    0    
71    23.424458513790714    0    0    0    0    0    0    0    
72    23.6541173603749    0    0    0    0    0    0    0    
73    21.88965997243046    0    0    0    0    0    0    0    
74    23.782073917472808    0    0    0    0    0    0    0    
75    23.065686370957543    0    0    0    0    0    0    0    
76    23.388107448082007    0    0    0    0    0    0    0    
77    22.70436510551182    0    0    0    0    0    0    0    
78    23.66265480670996    0    0    0    0    0    0    0    
79    22.093431568771315    0    0    0    0    0    0    0    
80    23.28630515208598    0    0    0    0    0    0    0    
81    22.45260257511137    0    0    0    0    0    0    0    
82    22.999497765447256    0    0    0    0    0    0    0    
83    22.47202444362098    0    0    0    0    0    0    0    
84    22.91341426506371    0    0    0    0    0    0    0    
85    22.814914121861424    0    0    0    0    0    0    0    
86    22.60388006955024    0    0    0    0    0    0    0    
87    22.34211507868688    0    0    0    0    0    0    0    
88    23.818079997748995    0    0    0    0    0    0    0    
89    23.03101928259968    0    0    0    0    0    0    0    
90    24.01610639441916    0    0    0    0    0    0    0    
91    23.10800807936053    0    0    0    0    0    0    0    
92    23.229558666594173    0    0    0    0    0    0    0    
93    24.283185028634932    0    0    0    0    0    0    0    
94    23.07250662112443    0    0    0    0    0    0    0    
95    23.37163009525812    0    0    0    0    0    0    0    
96    24.18489644507469    0    0    0    0    0    0    0    
97    23.13524959145118    0    0    0    0    0    0    0    
98    24.015050632312555    0    0    0    0    0    0    0    
99    23.037077748529722    0    0    0    0    0    0    0    
100    23.25557105903197    0    0    0    0    0    0    0    
101    23.11158718632227    0    0    0    0    0    0    0    
102    22.646253062318515    0    0    0    0    0    0    0    
103    22.35228407206873    0    0    0    0    0    0    0    
104    22.571340602612764    0    0    0    0    0    0    0    
105    22.996147434488005    0    0    0    0    0    0    0    
106    22.854835659844927    0    0    0    0    0    0    0    
107    23.666442407185052    0    0    0    0    0    0    0    
108    23.036057206497386    0    0    0    0    0    0    0    
109    23.964612985307184    0    0    0    0    0    0    0    
110    23.39837829176871    0    0    0    0    0    0    0    
111    23.112170684995807    0    0    0    0    0    0    0    
112    22.351540296997214    0    0    0    0    0    0    0    
113    23.005252804617932    0    0    0    0    0    0    0    
114    23.697402391287593    0    0    0    0    0    0    0    
115    23.629603481369525    0    0    0    0    0    0    0    
116    22.715591733884064    0    0    0    0    0    0    0    
117    23.163578150047734    0    0    0    0    0    0    0    
118    23.17063299817058    0    0    0    0    0    0    0    
119    23.806366407838645    0    0    0    0    0    0    0    
120    23.66323821379668    0    0    0    0    0    0    0    
121    23.518227693892257    0    0    0    0    0    0    0    
122    23.42797087618896    0    0    0    0    0    0    0    
123    23.085663633129805    0    0    0    0    0    0    0    
124    23.363075203959554    0    0    0    0    0    0    0    
125    23.604545365020716    0    0    0    0    0    0    0    
126    23.38972798394529    0    0    0    0    0    0    0    
127    23.53123803006438    0    0    0    0    0    0    0    
128    23.24978335171191    0    0    0    0    0    0    0    
129    23.338202587322932    0    0    0    0    0    0    0    
130    23.891493170462912    0    0    0    0    0    0    0    
131    23.21565419207924    0    0    0    0    0    0    0    
132    23.642408290359384    0    0    0    0    0    0    0    
133    23.196578361812172    0    0    0    0    0    0    0    
134    23.851102781815214    0    0    0    0    0    0    0    
135    23.178210906501377    0    0    0    0    0    0    0    
136    23.444218431076912    0    0    0    0    0    0    0    
137    23.684516151462894    0    0    0    0    0    0    0    
138    23.38546896671133    0    0    0    0    0    0    0    
139    22.634517914428347    0    0    0    0    0    0    0    
140    23.189970232500457    0    0    0    0    0    0    0    
141    23.57695742507053    0    0    0    0    0    0    0    
142    22.856115065553528    0    0    0    0    0    0    0    
143    23.280317290294256    0    0    0    0    0    0    0    
144    23.567217889262338    0    0    0    0    0    0    0    
145    23.689297717482688    0    0    0    0    0    0    0    
146    24.011037589236306    0    0    0    0    0    0    0    
147    23.22598345540224    0    0    0    0    0    0    0    
148    23.4195993090593    0    0    0    0    0    0    0    
149    23.90409143725299    0    0    0    0    0    0    0    
150    22.389501657861594    0    0    0    0    0    0    0    
151    23.41917407186317    0    0    0    0    0    0    0    
152    23.183210986385326    0    0    0    0    0    0    0    
153    23.351601855876776    0    0    0    0    0    0    0    
154    24.11660503127681    0    0    0    0    0    0    0    
155    22.78423128012688    0    0    0    0    0    0    0    
156    23.07426679423407    0    0    0    0    0    0    0    
157    23.474102260438496    0    0    0    0    0    0    0    
158    23.93174668678269    0    0    0    0    0    0    0    
159    23.165976378551434    0    0    0    0    0    0    0    
160    22.505091744491093    0    0    0    0    0    0    0    
161    22.970080366547624    0    0    0    0    0    0    0    
162    22.55682939460773    0    0    0    0    0    0    0    
163    23.694497764199028    0    0    0    0    0    0    0    
164    23.836523069013236    0    0    0    0    0    0    0    
165    22.0609524926344    0    0    0    0    0    0    0    
166    22.38205413811462    0    0    0    0    0    0    0    
167    23.244055700434917    0    0    0    0    0    0    0    
168    22.667027751378054    0    0    0    0    0    0    0    
169    23.396129972998096    0    0    0    0    0    0    0    
170    24.07012698334117    0    0    0    0    0    0    0    
171    23.251763863380752    0    0    0    0    0    0    0    
172    23.68842820619874    0    0    0    0    0    0    0    
173    23.59206600950495    0    0    0    0    0    0    0    
174    22.802309965290274    0    0    0    0    0    0    0    
175    23.779007127787786    0    0    0    0    0    0    0    
176    23.5978302217478    0    0    0    0    0    0    0    
177    24.44252192439972    0    0    0    0    0    0    0    
178    23.469657421459594    0    0    0    0    0    0    0    
179    22.367608017197416    0    0    0    0    0    0    0    
180    23.113617645047626    0    0    0    0    0    0    0    
181    23.682433271644353    0    0    0    0    0    0    0    
182    23.565079038985413    0    0    0    0    0    0    0    
183    23.564618674496465    0    0    0    0    0    0    0    
184    22.298637816099316    0    0    0    0    0    0    0    
185    23.71838864770403    0    0    0    0    0    0    0    
186    23.370183552476732    0    0    0    0    0    0    0    
187    23.33694085644604    0    0    0    0    0    0    0    
188    23.233769220578893    0    0    0    0    0    0    0    
189    23.124346234823772    0    0    0    0    0    0    0    
190    22.48286946478775    0    0    0    0    0    0    0    
191    23.632355434933228    0    0    0    0    0    0    0    
192    23.43300548341366    0    0    0    0    0    0    0    
193    24.278687408498776    0    0    0    0    0    0    0    
194    22.7374665546267    0    0    0    0    0    0    0    
195    23.618917684365293    0    0    0    0    0    0    0    
196    23.53246470786885    0    0    0    0    0    0    0    
197    23.26831000243308    0    0    0    0    0    0    0    
198    23.72622481476683    0    0    0    0    0    0    0    
199    23.10663870702126    0    0    0    0    0    0    0    
200    23.1791982932483    0    0    0    0    0    0    0    
201    23.05692536550601    0    0    0    0    0    0    0    
202    23.00805146842879    0    0    0    0    0    0    0    
203    22.921533987166423    0    0    0    0    0    0    0    
204    22.920746451296743    0    0    0    0    0    0    0    
205    22.96507051134774    0    0    0    0    0    0    0    
206    23.814613960270083    0    0    0    0    0    0    0    
207    22.678363047638754    0    0    0    0    0    0    0    
208    23.01163171120379    0    0    0    0    0    0    0    
209    22.46163113995638    0    0    0    0    0    0    0    
210    22.583368890816722    0    0    0    0    0    0    0    
211    24.075109646430626    0    0    0    0    0    0    0    
212    23.04033538358046    0    0    0    0    0    0    0    
213    23.304243258955303    0    0    0    0    0    0    0    
214    23.14061972596606    0    0    0    0    0    0    0    
215    23.051192463558987    0    0    0    0    0    0    0    
216    23.373276017300043    0    0    0    0    0    0    0    
217    23.504090769047124    0    0    0    0    0    0    0    
218    23.665193450713257    0    0    0    0    0    0    0    
219    23.180946888852297    0    0    0    0    0    0    0    
220    23.46288438431332    0    0    0    0    0    0    0    
221    23.296910488339265    0    0    0    0    0    0    0    
222    23.563329235775118    0    0    0    0    0    0    0    
223    22.258319048086506    0    0    0    0    0    0    0    
224    23.449694967547174    0    0    0    0    0    0    0    
225    22.822939394816583    0    0    0    0    0    0    0    
226    23.111120032312076    0    0    0    0    0    0    0    
227    23.509133602392723    0    0    0    0    0    0    0    
228    22.55462545692681    0    0    0    0    0    0    0    
229    23.659438605918986    0    0    0    0    0    0    0    
230    22.848555965343643    0    0    0    0    0    0    0    
231    23.075889744686776    0    0    0    0    0    0    0    
232    22.633415069481277    0    0    0    0    0    0    0    
233    21.933429981870987    0    0    0    0    0    0    0    
234    23.22809840768107    0    0    0    0    0    0    0    
235    22.68463572343166    0    0    0    0    0    0    0    
236    23.182819811825826    0    0    0    0    0    0    0    
237    23.458034161871613    0    0    0    0    0    0    0    
238    23.11018625971399    0    0    0    0    0    0    0    
239    22.8503128485416    0    0    0    0    0    0    0    
240    23.160362674990715    0    0    0    0    0    0    0    
241    23.746326044749722    0    0    0    0    0    0    0    
242    23.709366693989494    0    0    0    0    0    0    0    
243    22.604454192575158    0    0    0    0    0    0    0    
244    23.032257910296096    0    0    0    0    0    0    0    
245    22.996808310448955    0    0    0    0    0    0    0    
246    23.549714642732543    0    0    0    0    0    0    0    
247    24.04478179394073    0    0    0    0    0    0    0    
248    23.286890905655376    0    0    0    0    0    0    0    
249    23.489639780895565    0    0    0    0    0    0    0    
250    23.422770921895623    0    0    0    0    0    0    0    
251    24.217422479785004    0    0    0    0    0    0    0    
252    23.433807041382398    0    0    0    0    0    0    0    
253    23.40294430294013    0    0    0    0    0    0    0    
254    23.19260334972218    0    0    0    0    0    0    0    
255    23.510492415155106    0    0    0    0    0    0    0    
256    23.839252967305313    0    0    0    0    0    0    0    
257    22.355576866420677    0    0    0    0    0    0    0    
258    23.75461875679021    0    0    0    0    0    0    0    
259    23.15707428323487    0    0    0    0    0    0    0    
260    23.031063078516826    0    0    0    0    0    0    0    
261    22.646767760599655    0    0    0    0    0    0    0    
262    23.336009031490693    0    0    0    0    0    0    0    
263    23.762506870215475    0    0    0    0    0    0    0    
264    22.241050927197605    0    0    0    0    0    0    0    
265    23.026745132930778    0    0    0    0    0    0    0    
266    22.52694874829538    0    0    0    0    0    0    0    
267    22.98084402739049    0    0    0    0    0    0    0    
268    22.401090314693842    0    0    0    0    0    0    0    
269    23.34387035415662    0    0    0    0    0    0    0    
270    22.89081477307976    0    0    0    0    0    0    0    
271    23.368282745595707    0    0    0    0    0    0    0    
272    22.700951352104347    0    0    0    0    0    0    0    
273    23.360306792385874    0    0    0    0    0    0    0    
274    24.101445134772607    0    0    0    0    0    0    0    
275    23.050880884570986    0    0    0    0    0    0    0    
276    22.52215109659893    0    0    0    0    0    0    0    
277    23.499967449372143    0    0    0    0    0    0    0    
278    24.161730571519715    0    0    0    0    0    0    0    
279    23.340230455282057    0    0    0    0    0    0    0    
280    23.525078414318035    0    0    0    0    0    0    0    
281    23.63014391444889    0    0    0    0    0    0    0    
282    23.02138246165684    0    0    0    0    0    0    0    
283    21.981088660075688    0    0    0    0    0    0    0    
284    23.546329284918496    0    0    0    0    0    0    0    
285    24.52248046360934    0    0    0    0    0    0    0    
286    23.575836181205737    0    0    0    0    0    0    0    
287    22.74879364173104    0    0    0    0    0    0    0    
288    23.32115854658503    0    0    0    0    0    0    0    
289    23.69447838210639    0    0    0    0    0    0    0    
290    23.596856936862793    0    0    0    0    0    0    0    
291    23.314599737173822    0    0    0    0    0    0    0    
292    23.13254631682642    0    0    0    0    0    0    0    
293    23.31557789314827    0    0    0    0    0    0    0    
294    23.01206951113321    0    0    0    0    0    0    0    
295    23.114420500611356    0    0    0    0    0    0    0    
296    22.69969278532315    0    0    0    0    0    0    0    
297    23.290190410050236    0    0    0    0    0    0    0    
298    23.603446378719273    0    0    0    0    0    0    0    
299    22.78873081590993    0    0    0    0    0    0    0    
300    22.88705749471819    0    0    0    0    0    0    0    
301    22.74510620817575    0    0    0    0    0    0    0    
302    23.060300870916965    0    0    0    0    0    0    0    
303    23.764942444402173    0    0    0    0    0    0    0    
304    22.6382180301053    0    0    0    0    0    0    0    
305    23.054436429535226    0    0    0    0    0    0    0    
306    22.67717924412562    0    0    0    0    0    0    0    
307    22.377753196922338    0    0    0    0    0    0    0    
308    23.788849455245785    0    0    0    0    0    0    0    
309    23.032294920790076    0    0    0    0    0    0    0    
310    23.236754136578284    0    0    0    0    0    0    0    
311    22.525557437856683    0    0    0    0    0    0    0    
312    23.504455542110154    0    0    0    0    0    0    0    
313    23.646088979966613    0    0    0    0    0    0    0    
314    22.413334299999867    0    0    0    0    0    0    0    
315    23.988122795868797    0    0    0    0    0    0    0    
316    23.023984972342095    0    0    0    0    0    0    0    
317    23.80204942458809    0    0    0    0    0    0    0    
318    23.28963950055726    0    0    0    0    0    0    0    
319    23.071296764260694    0    0    0    0    0    0    0    
320    22.787748314461368    0    0    0    0    0    0    0    
321    23.18489266299585    0    0    0    0    0    0    0    
322    22.648966720442488    0    0    0    0    0    0    0    
323    23.721859029544618    0    0    0    0    0    0    0    
324    22.732677473061983    0    0    0    0    0    0    0    
325    23.227580374209808    0    0    0    0    0    0    0    
326    22.968287217339576    0    0    0    0    0    0    0    
327    22.74513998357621    0    0    0    0    0    0    0    
328    23.04076368860213    0    0    0    0    0    0    0    
329    23.056359357025975    0    0    0    0    0    0    0    
330    21.804001212709757    0    0    0    0    0    0    0    
331    23.57640386932123    0    0    0    0    0    0    0    
332    23.027200771768698    0    0    0    0    0    0    0    
333    22.976622385157704    0    0    0    0    0    0    0    
334    23.70511930596691    0    0    0    0    0    0    0    
335    23.977071358516213    0    0    0    0    0    0    0    
336    23.529461312938118    0    0    0    0    0    0    0    
337    23.527792506438537    0    0    0    0    0    0    0    
338    23.39446294737565    0    0    0    0    0    0    0    
339    23.28035786226133    0    0    0    0    0    0    0    
340    22.933646315344646    0    0    0    0    0    0    0    
341    23.102182755646517    0    0    0    0    0    0    0    
342    22.022444963221968    0    0    0    0    0    0    0    
343    22.779019518446663    0    0    0    0    0    0    0    
344    23.00828343990138    0    0    0    0    0    0    0    
345    23.46282375077721    0    0    0    0    0    0    0    
346    22.37912836175466    0    0    0    0    0    0    0    
347    23.306983669734    0    0    0    0    0    0    0    
348    23.37440140647319    0    0    0    0    0    0    0    
349    23.516492270378127    0    0    0    0    0    0    0    
350    23.13265398669499    0    0    0    0    0    0    0    
351    23.3982129080649    0    0    0    0    0    0    0    
352    22.46268052038875    0    0    0    0    0    0    0    
353    23.769465817500578    0    0    0    0    0    0    0    
354    23.888444166167368    0    0    0    0    0    0    0    
355    23.112922528618224    0    0    0    0    0    0    0    
356    23.331748235452746    0    0    0    0    0    0    0    
357    22.861726103574178    0    0    0    0    0    0    0    
358    22.931528807851425    0    0    0    0    0    0    0    
359    23.99916605236081    0    0    0    0    0    0    0    
360    22.78913126663508    0    0    0    0    0    0    0    
361    22.489013586128237    0    0    0    0    0    0    0    
362    24.026302007943766    0    0    0    0    0    0    0    
363    23.39014702656554    0    0    0    0    0    0    0    
364    22.831714577357168    0    0    0    0    0    0    0    
365    23.460081923833062    0    0    0    0    0    0    0    
366    22.776279475455553    0    0    0    0    0    0    0    
367    23.676791613072048    0    0    0    0    0    0    0    
368    23.813347561355744    0    0    0    0    0    0    0    
369    23.68389369438688    0    0    0    0    0    0    0    
370    22.76414477326269    0    0    0    0    0    0    0    
371    22.4556976875111    0    0    0    0    0    0    0    
372    22.757283558516093    0    0    0    0    0    0    0    
373    23.511770829251358    0    0    0    0    0    0    0    
374    23.603279564268913    0    0    0    0    0    0    0    
375    23.16146834805069    0    0    0    0    0    0    0    
376    22.683081485689012    0    0    0    0    0    0    0    
377    22.82069121909126    0    0    0    0    0    0    0    
378    24.044834409372548    0    0    0    0    0    0    0    
379    22.6537332903056    0    0    0    0    0    0    0    
380    23.539117045660912    0    0    0    0    0    0    0    
381    23.903177675388868    0    0    0    0    0    0    0    
382    22.807213721328758    0    0    0    0    0    0    0    
383    23.252997706283814    0    0    0    0    0    0    0    
384    22.634733644963813    0    0    0    0    0    0    0    
385    22.581594993371073    0    0    0    0    0    0    0    
386    24.957819138204556    0    0    0    0    0    0    0    
387    22.592597464394288    0    0    0    0    0    0    0    
388    24.195464851577874    0    0    0    0    0    0    0    
389    22.66732875930547    0    0    0    0    0    0    0    
390    22.25951022412014    0    0    0    0    0    0    0    
391    23.161061357627755    0    0    0    0    0    0    0    
392    23.50175872663285    0    0    0    0    0    0    0    
393    22.37788798068135    0    0    0    0    0    0    0    
394    22.597389879767    0    0    0    0    0    0    0    
395    23.713456241259863    0    0    0    0    0    0    0    
396    23.26658235486819    0    0    0    0    0    0    0    
397    23.141164676144562    0    0    0    0    0    0    0    
398    22.35353304113999    0    0    0    0    0    0    0    
399    22.808377009141672    0    0    0    0    0    0    0    
400    21.513737287522304    0    0    0    0    0    0    0    
401    23.571966855646725    0    0    0    0    0    0    0    
402    23.18858751995656    0    0    0    0    0    0    0    
403    23.156754732079342    0    0    0    0    0    0    0    
404    22.522704526416263    0    0    0    0    0    0    0    
405    23.11933766722585    0    0    0    0    0    0    0    
406    24.10655407899323    0    0    0    0    0    0    0    
407    23.523519280840123    0    0    0    0    0    0    0    
408    23.640291595176947    0    0    0    0    0    0    0    
409    24.025977158573408    0    0    0    0    0    0    0    
410    23.274133103534258    0    0    0    0    0    0    0    
411    22.660031178339327    0    0    0    0    0    0    0    
412    22.560786753976032    0    0    0    0    0    0    0    
413    22.5534004008181    0    0    0    0    0    0    0    
414    22.560371864628536    0    0    0    0    0    0    0    
415    23.10157646285715    0    0    0    0    0    0    0    
416    22.461116453522482    0    0    0    0    0    0    0    
417    23.014460999949303    0    0    0    0    0    0    0    
418    23.554739538570008    0    0    0    0    0    0    0    
419    23.19822736806996    0    0    0    0    0    0    0    
420    21.896950199045673    0    0    0    0    0    0    0    
421    23.22979457554788    0    0    0    0    0    0    0    
422    23.294114240640454    0    0    0    0    0    0    0    
423    22.923907529018045    0    0    0    0    0    0    0    
424    23.635648116315153    0    0    0    0    0    0    0    
425    22.896128827690074    0    0    0    0    0    0    0    
426    23.219831505771822    0    0    0    0    0    0    0    
427    22.588613989567747    0    0    0    0    0    0    0    
428    22.933641488941312    0    0    0    0    0    0    0    
429    22.7370116002799    0    0    0    0    0    0    0    
430    23.595077500178895    0    0    0    0    0    0    0    
431    22.591875689917117    0    0    0    0    0    0    0    
432    23.96276646863714    0    0    0    0    0    0    0    
433    22.79921766821872    0    0    0    0    0    0    0    
434    23.815387137092955    0    0    0    0    0    0    0    
435    23.5260326312468    0    0    0    0    0    0    0    
436    23.972388494957244    0    0    0    0    0    0    0    
437    23.17874543988313    0    0    0    0    0    0    0    
438    23.173311792119165    0    0    0    0    0    0    0    
439    23.555470736008502    0    0    0    0    0    0    0    
440    23.116245532579192    0    0    0    0    0    0    0    
441    22.950217849081703    0    0    0    0    0    0    0    
442    23.045021451441965    0    0    0    0    0    0    0    
443    23.748348590668986    0    0    0    0    0    0    0    
444    23.44923579632701    0    0    0    0    0    0    0    
445    21.93023058123693    0    0    0    0    0    0    0    
446    22.524984694131824    0    0    0    0    0    0    0    
447    24.056666295704584    0    0    0    0    0    0    0    
448    22.740413289713164    0    0    0    0    0    0    0    
449    24.369277285297553    0    0    0    0    0    0    0    
450    23.75474564323304    0    0    0    0    0    0    0    
451    23.744533007204375    0    0    0    0    0    0    0    
452    23.26496121446716    0    0    0    0    0    0    0    
453    23.040752175196186    0    0    0    0    0    0    0    
454    23.431895944375057    0    0    0    0    0    0    0    
455    22.201857883544356    0    0    0    0    0    0    0    
456    22.7787230617361    0    0    0    0    0    0    0    
457    23.477069867041546    0    0    0    0    0    0    0    
458    23.752141828477743    0    0    0    0    0    0    0    
459    23.015206070762314    0    0    0    0    0    0    0    
460    23.148387555656083    0    0    0    0    0    0    0    
461    23.330104224372967    0    0    0    0    0    0    0    
462    23.689276809623276    0    0    0    0    0    0    0    
463    22.54679399670941    0    0    0    0    0    0    0    
464    23.820263841473018    0    0    0    0    0    0    0    
465    23.8467824141387    0    0    0    0    0    0    0    
466    23.69618463223327    0    0    0    0    0    0    0    
467    23.18476553480861    0    0    0    0    0    0    0    
468    23.541101007373808    0    0    0    0    0    0    0    
469    22.91864338688468    0    0    0    0    0    0    0    
470    22.728552448364557    0    0    0    0    0    0    0    
471    23.336614247424947    0    0    0    0    0    0    0    
472    22.71780877024304    0    0    0    0    0    0    0    
473    23.484209976416068    0    0    0    0    0    0    0    
474    24.045289814087546    0    0    0    0    0    0    0    
475    22.82580208656755    0    0    0    0    0    0    0    
476    22.029816701843604    0    0    0    0    0    0    0    
477    23.335963944201126    0    0    0    0    0    0    0    
478    23.456717637848573    0    0    0    0    0    0    0    
479    23.015489145082295    0    0    0    0    0    0    0    
480    23.711631891778126    0    0    0    0    0    0    0    
481    22.29512041120046    0    0    0    0    0    0    0    
482    22.913399826868634    0    0    0    0    0    0    0    
483    22.420741071854437    0    0    0    0    0    0    0    
484    22.576390747762673    0    0    0    0    0    0    0    
485    23.874834511851798    0    0    0    0    0    0    0    
486    23.045992839907193    0    0    0    0    0    0    0    
487    23.25579382531125    0    0    0    0    0    0    0    
488    22.876043703745758    0    0    0    0    0    0    0    
489    22.93017172762883    0    0    0    0    0    0    0    
490    22.678998303338986    0    0    0    0    0    0    0    
491    23.07880134813733    0    0    0    0    0    0    0    
492    23.449778049975183    0    0    0    0    0    0    0    
493    22.818258352292904    0    0    0    0    0    0    0    
494    22.57107356568978    0    0    0    0    0    0    0    
495    23.239515093835596    0    0    0    0    0    0    0    
496    23.297685914019535    0    0    0    0    0    0    0    
497    22.244613624529315    0    0    0    0    0    0    0    
498    24.429018713448773    0    0    0    0    0    0    0    
499    23.038477761827718    0    0    0    0    0    0    0    
500    23.589326374561896    0    0    0    0    0    0    0    
501    23.384037197613313    0    0    0    0    0    0    0    
502    23.227206674138163    0    0    0    0    0    0    0    
503    22.343093995815995    0    0    0    0    0    0    0    
504    23.320610225060875    0    0    0    0    0    0    0    
505    22.671740723537457    0    0    0    0    0    0    0    
506    22.346564049106753    0    0    0    0    0    0    0    
507    23.51343346583163    0    0    0    0    0    0    0    
508    22.86030021027562    0    0    0    0    0    0    0    
509    23.26133145559115    0    0    0    0    0    0    0    
510    23.498376626186    0    0    0    0    0    0    0    
511    23.399786149466124    0    0    0    0    0    0    0    
512    22.69144371680425    0    0    0    0    0    0    0    
513    23.73107351688603    0    0    0    0    0    0    0    
514    23.702084119284727    0    0    0    0    0    0    0    
515    22.977428123052338    0    0    0    0    0    0    0    
516    23.82981763802577    0    0    0    0    0    0    0    
517    22.709620774916516    0    0    0    0    0    0    0    
518    23.842966592214417    0    0    0    0    0    0    0    
519    23.117843774513375    0    0    0    0    0    0    0    
520    22.481530045094672    0    0    0    0    0    0    0    
521    23.473087550959548    0    0    0    0    0    0    0    
522    22.494245471905533    0    0    0    0    0    0    0    
523    23.147641902027328    0    0    0    0    0    0    0    
524    22.387046928976034    0    0    0    0    0    0    0    
525    23.341505024220577    0    0    0    0    0    0    0    
526    23.484736913585223    0    0    0    0    0    0    0    
527    23.438798260354677    0    0    0    0    0    0    0    
528    22.976438604051392    0    0    0    0    0    0    0    
529    22.86728824678516    0    0    0    0    0    0    0    
530    23.313632264740473    0    0    0    0    0    0    0    
531    23.418044155080096    0    0    0    0    0    0    0    
532    23.26031983660583    0    0    0    0    0    0    0    
533    23.763395573685273    0    0    0    0    0    0    0    
534    22.370831846167807    0    0    0    0    0    0    0    
535    23.849189053317176    0    0    0    0    0    0    0    
536    23.098182198590123    0    0    0    0    0    0    0    
537    23.6151805035055    0    0    0    0    0    0    0    
538    23.402498135545155    0    0    0    0    0    0    0    
539    23.472056737853645    0    0    0    0    0    0    0    
540    23.48289601377602    0    0    0    0    0    0    0    
541    23.07909578245854    0    0    0    0    0    0    0    
542    23.48666455495469    0    0    0    0    0    0    0    
543    23.0995173561345    0    0    0    0    0    0    0    
544    23.07710245840778    0    0    0    0    0    0    0    
545    23.632336782900463    0    0    0    0    0    0    0    
546    23.583993966657427    0    0    0    0    0    0    0    
547    23.17519169850099    0    0    0    0    0    0    0    
548    22.84661192789345    0    0    0    0    0    0    0    
549    23.506694181986685    0    0    0    0    0    0    0    
550    22.34354491076543    0    0    0    0    0    0    0    
551    22.577531246588826    0    0    0    0    0    0    0    
552    23.41082643240417    0    0    0    0    0    0    0    
553    23.52562679758313    0    0    0    0    0    0    0    
554    22.661512425808898    0    0    0    0    0    0    0    
555    23.161815193293258    0    0    0    0    0    0    0    
556    22.75721399133501    0    0    0    0    0    0    0    
557    23.3055084118804    0    0    0    0    0    0    0    
558    23.09245649342701    0    0    0    0    0    0    0    
559    22.036059728325075    0    0    0    0    0    0    0    
560    22.861200194592858    0    0    0    0    0    0    0    
561    23.08864768983993    0    0    0    0    0    0    0    
562    23.41248106462108    0    0    0    0    0    0    0    
563    23.761624155842288    0    0    0    0    0    0    0    
564    23.486715362713767    0    0    0    0    0    0    0    
565    23.122062712138124    0    0    0    0    0    0    0    
566    24.0644051896166    0    0    0    0    0    0    0    
567    23.70970892706644    0    0    0    0    0    0    0    
568    23.02187669569739    0    0    0    0    0    0    0    
569    23.30963325688504    0    0    0    0    0    0    0    
570    22.345516398457892    0    0    0    0    0    0    0    
571    23.387491383723322    0    0    0    0    0    0    0    
572    22.267121606196632    0    0    0    0    0    0    0    
573    22.899436773913802    0    0    0    0    0    0    0    
574    23.611027875448404    0    0    0    0    0    0    0    
575    24.413685087489778    0    0    0    0    0    0    0    
576    23.95218091307883    0    0    0    0    0    0    0    
577    22.498149575737123    0    0    0    0    0    0    0    
578    22.405606364612513    0    0    0    0    0    0    0    
579    22.949630797957553    0    0    0    0    0    0    0    
580    23.337920602809945    0    0    0    0    0    0    0    
581    23.31086238093363    0    0    0    0    0    0    0    
582    23.50332308190707    0    0    0    0    0    0    0    
583    22.28586391563068    0    0    0    0    0    0    0    
584    23.178100806018964    0    0    0    0    0    0    0    
585    22.950216284680668    0    0    0    0    0    0    0    
586    23.197983970911817    0    0    0    0    0    0    0    
587    23.450177188800875    0    0    0    0    0    0    0    
588    23.27860665266896    0    0    0    0    0    0    0    
589    23.503405868986004    0    0    0    0    0    0    0    
590    23.575532777410036    0    0    0    0    0    0    0    
591    24.015851241577135    0    0    0    0    0    0    0    
592    23.522440150162648    0    0    0    0    0    0    0    
593    24.316339889784203    0    0    0    0    0    0    0    
594    22.580322900852234    0    0    0    0    0    0    0    
595    23.940121064765087    0    0    0    0    0    0    0    
596    24.001578555339183    0    0    0    0    0    0    0    
597    22.651854958767014    0    0    0    0    0    0    0    
598    23.098279509721568    0    0    0    0    0    0    0    
599    22.963628283669017    0    0    0    0    0    0    0    
600    22.753255478399772    0    0    0    0    0    0    0    
601    22.99886477911057    0    0    0    0    0    0    0    
602    23.230956793363013    0    0    0    0    0    0    0    
603    23.501761905060714    0    0    0    0    0    0    0    
604    23.192751253217313    0    0    0    0    0    0    0    
605    22.888256762152672    0    0    0    0    0    0    0    
606    23.4156781506461    0    0    0    0    0    0    0    
607    23.85936253192906    0    0    0    0    0    0    0    
608    22.18885540922939    0    0    0    0    0    0    0    
609    22.843980488072432    0    0    0    0    0    0    0    
610    23.101639643840272    0    0    0    0    0    0    0    
611    23.159645166690176    0    0    0    0    0    0    0    
612    22.99686380169227    0    0    0    0    0    0    0    
613    23.773593828843413    0    0    0    0    0    0    0    
614    23.805374719258754    0    0    0    0    0    0    0    
615    23.187834640085057    0    0    0    0    0    0    0    
616    22.910377968617137    0    0    0    0    0    0    0    
617    23.442844490567985    0    0    0    0    0    0    0    
618    23.31057406625727    0    0    0    0    0    0    0    
619    22.844766090292246    0    0    0    0    0    0    0    
620    22.687306606340375    0    0    0    0    0    0    0    
621    23.39032093744121    0    0    0    0    0    0    0    
622    23.486439222028153    0    0    0    0    0    0    0    
623    23.009364630129973    0    0    0    0    0    0    0    
624    24.05821522570391    0    0    0    0    0    0    0    
625    23.439689546646385    0    0    0    0    0    0    0    
626    22.168766568474897    0    0    0    0    0    0    0    
627    22.883954230109776    0    0    0    0    0    0    0    
628    23.350801120134317    0    0    0    0    0    0    0    
629    23.272386668433242    0    0    0    0    0    0    0    
630    22.87289723553561    0    0    0    0    0    0    0    
631    23.137632721106865    0    0    0    0    0    0    0    
632    23.610226308607967    0    0    0    0    0    0    0    
633    23.05130735321823    0    0    0    0    0    0    0    
634    22.888088539680837    0    0    0    0    0    0    0    
635    23.06255007816218    0    0    0    0    0    0    0    
636    23.49382269208845    0    0    0    0    0    0    0    
637    22.7250272126966    0    0    0    0    0    0    0    
638    22.825443145872235    0    0    0    0    0    0    0    
639    23.21966111622275    0    0    0    0    0    0    0    
640    23.456806125736804    0    0    0    0    0    0    0    
641    23.524587647754363    0    0    0    0    0    0    0    
642    23.13461719568819    0    0    0    0    0    0    0    
643    23.540401100177466    0    0    0    0    0    0    0    
644    22.80547258094869    0    0    0    0    0    0    0    
645    23.509329750538786    0    0    0    0    0    0    0    
646    23.634524042272478    0    0    0    0    0    0    0    
647    23.62912388989491    0    0    0    0    0    0    0    
648    23.51051638328173    0    0    0    0    0    0    0    
649    23.502378956624305    0    0    0    0    0    0    0    
650    23.45901526534766    0    0    0    0    0    0    0    
651    23.303255663768354    0    0    0    0    0    0    0    
652    23.13553901405301    0    0    0    0    0    0    0    
653    23.19101610207174    0    0    0    0    0    0    0    
654    23.23277310307897    0    0    0    0    0    0    0    
655    23.63791398421832    0    0    0    0    0    0    0    
656    23.289750236979476    0    0    0    0    0    0    0    
657    23.553669714284826    0    0    0    0    0    0    0    
658    23.486299532564594    0    0    0    0    0    0    0    
659    22.243422338768053    0    0    0    0    0    0    0    