! OpenFAST Deterministic Wind File
#
# Comment lines begin with "!" or "#" or "%", then the data lines must contain the following columns:
#
# If there are only 8 columns, upflow is assumed to be 0.
#
# Parameters are interpolated linearly between time steps; using nearest neighbor before the first time 
# listed in this file and after the last time listed in the file. 
#
! Time     Wind    Wind    Vertical    Horiz.      Pwr.Law     Lin.Vert.   Gust     Upflow
!          Speed   Dir     Speed       Shear       Vert.Shr    Shear       Speed    Angle 
! (sec)    (m/s)   (Deg)   (m/s)                                            (m/s)   (deg)
0    23.538647728224166    0    0    0    0    0    0    0    
1    23.52104348790761    0    0    0    0    0    0    0    
2    23.15798833652519    0    0    0    0    0    0    0    
3    23.544002365125802    0    0    0    0    0    0    0    
4    23.492526442592784    0    0    0    0    0    0    0    
5    23.879590994619548    0    0    0    0    0    0    0    
6    23.350964613285125    0    0    0    0    0    0    0    
7    23.589304038454806    0    0    0    0    0    0    0    
8    23.240493386621086    0    0    0    0    0    0    0    
9    23.439277017703155    0    0    0    0    0    0    0    
10    23.559236830224467    0    0    0    0    0    0    0    
11    23.33558694509199    0    0    0    0    0    0    0    
12    23.40890425106395    0    0    0    0    0    0    0    
13    23.389322153846404    0    0    0    0    0    0    0    
14    23.395630207100144    0    0    0    0    0    0    0    
15    23.552603566919917    0    0    0    0    0    0    0    
16    23.33645421917826    0    0    0    0    0    0    0    
17    23.87718857745507    0    0    0    0    0    0    0    
18    23.678158448467514    0    0    0    0    0    0    0    
19    23.332872318097102    0    0    0    0    0    0    0    
20    23.715155612757258    0    0    0    0    0    0    0    
21    23.728786125326838    0    0    0    0    0    0    0    
22    23.694863805324584    0    0    0    0    0    0    0    
23    23.65412825771951    0    0    0    0    0    0    0    
24    23.561023597592776    0    0    0    0    0    0    0    
25    23.392949085679135    0    0    0    0    0    0    0    
26    23.344013729375753    0    0    0    0    0    0    0    
27    23.776746402846218    0    0    0    0    0    0    0    
28    23.33167340234245    0    0    0    0    0    0    0    
29    23.29514826623593    0    0    0    0    0    0    0    
30    23.378944796011456    0    0    0    0    0    0    0    
31    23.56960338495043    0    0    0    0    0    0    0    
32    23.26959830710135    0    0    0    0    0    0    0    
33    23.564138771261618    0    0    0    0    0    0    0    
34    23.317987407350852    0    0    0    0    0    0    0    
35    23.046138969627116    0    0    0    0    0    0    0    
36    23.631559354936943    0    0    0    0    0    0    0    
37    23.65143807438411    0    0    0    0    0    0    0    
38    23.78428086637182    0    0    0    0    0    0    0    
39    23.40882111215227    0    0    0    0    0    0    0    
40    23.493445196185196    0    0    0    0    0    0    0    
41    23.63835385388525    0    0    0    0    0    0    0    
42    23.773234713501616    0    0    0    0    0    0    0    
43    23.659039470865558    0    0    0    0    0    0    0    
44    23.479274550949683    0    0    0    0    0    0    0    
45    23.420538490796716    0    0    0    0    0    0    0    
46    24.007494884083147    0    0    0    0    0    0    0    
47    23.447054327298467    0    0    0    0    0    0    0    
48    23.457106246128735    0    0    0    0    0    0    0    
49    23.31527619799879    0    0    0    0    0    0    0    
50    23.70790342621937    0    0    0    0    0    0    0    
51    23.70267583114582    0    0    0    0    0    0    0    
52    23.330356330252222    0    0    0    0    0    0    0    
53    23.591288330516495    0    0    0    0    0    0    0    
54    23.496492174021977    0    0    0    0    0    0    0    
55    23.665677091220658    0    0    0    0    0    0    0    
56    23.65787224029168    0    0    0    0    0    0    0    
57    23.576626095948537    0    0    0    0    0    0    0    
58    23.474707186559407    0    0    0    0    0    0    0    
59    23.29310716729363    0    0    0    0    0    0    0    
60    23.040929611746297    0    0    0    0    0    0    0    
61    23.628057538168722    0    0    0    0    0    0    0    
62    23.7532223414678    0    0    0    0    0    0    0    
63    23.48167841425578    0    0    0    0    0    0    0    
64    23.117500444515244    0    0    0    0    0    0    0    
65    23.06782417632175    0    0    0    0    0    0    0    
66    23.28156543732311    0    0    0    0    0    0    0    
67    23.65961706111033    0    0    0    0    0    0    0    
68    23.382351727248572    0    0    0    0    0    0    0    
69    23.952585778181902    0    0    0    0    0    0    0    
70    23.633250854903388    0    0    0    0    0    0    0    
71    23.191157210807066    0    0    0    0    0    0    0    
72    23.44303262137272    0    0    0    0    0    0    0    
73    23.014654037402604    0    0    0    0    0    0    0    
74    23.385303921552563    0    0    0    0    0    0    0    
75    23.140512639705992    0    0    0    0    0    0    0    
76    23.716587215178496    0    0    0    0    0    0    0    
77    23.25067503649581    0    0    0    0    0    0    0    
78    23.305937340965663    0    0    0    0    0    0    0    
79    23.89056686188018    0    0    0    0    0    0    0    
80    23.40502016750685    0    0    0    0    0    0    0    
81    23.243769400157706    0    0    0    0    0    0    0    
82    23.31066088404408    0    0    0    0    0    0    0    
83    23.734225318747992    0    0    0    0    0    0    0    
84    23.200645204276185    0    0    0    0    0    0    0    
85    23.44137329197516    0    0    0    0    0    0    0    
86    23.628511974908786    0    0    0    0    0    0    0    
87    24.065082869916072    0    0    0    0    0    0    0    
88    23.44833994730638    0    0    0    0    0    0    0    
89    23.928172513899877    0    0    0    0    0    0    0    
90    23.829388297747787    0    0    0    0    0    0    0    
91    23.865404213589585    0    0    0    0    0    0    0    
92    23.46714883322983    0    0    0    0    0    0    0    
93    23.29487222206563    0    0    0    0    0    0    0    
94    23.870077304789717    0    0    0    0    0    0    0    
95    23.82433457465258    0    0    0    0    0    0    0    
96    23.57945395663815    0    0    0    0    0    0    0    
97    23.63999144795383    0    0    0    0    0    0    0    
98    23.877370841884254    0    0    0    0    0    0    0    
99    23.784270068286112    0    0    0    0    0    0    0    
100    23.567041926758524    0    0    0    0    0    0    0    
101    23.639277190109965    0    0    0    0    0    0    0    
102    23.467403115328565    0    0    0    0    0    0    0    
103    23.445036887408826    0    0    0    0    0    0    0    
104    23.7544739124248    0    0    0    0    0    0    0    
105    23.44181753298683    0    0    0    0    0    0    0    
106    23.50114135551683    0    0    0    0    0    0    0    
107    23.24109807418429    0    0    0    0    0    0    0    
108    23.227559784878885    0    0    0    0    0    0    0    
109    23.60367382283126    0    0    0    0    0    0    0    
110    23.5650780007409    0    0    0    0    0    0    0    
111    23.607024778541753    0    0    0    0    0    0    0    
112    23.694629725152723    0    0    0    0    0    0    0    
113    23.545623346701262    0    0    0    0    0    0    0    
114    23.250344253138678    0    0    0    0    0    0    0    
115    23.734010909938476    0    0    0    0    0    0    0    
116    23.439478935336478    0    0    0    0    0    0    0    
117    23.1987366862594    0    0    0    0    0    0    0    
118    22.9265524175139    0    0    0    0    0    0    0    
119    23.37552627901228    0    0    0    0    0    0    0    
120    23.385735974813077    0    0    0    0    0    0    0    
121    23.45024882043712    0    0    0    0    0    0    0    
122    23.776189377446734    0    0    0    0    0    0    0    
123    23.711427484047125    0    0    0    0    0    0    0    
124    23.382634601161268    0    0    0    0    0    0    0    
125    23.731049548876168    0    0    0    0    0    0    0    
126    23.673183137235934    0    0    0    0    0    0    0    
127    23.371277263374225    0    0    0    0    0    0    0    
128    23.65239434599711    0    0    0    0    0    0    0    
129    23.712496702704595    0    0    0    0    0    0    0    
130    23.940970283057275    0    0    0    0    0    0    0    
131    23.985158063358913    0    0    0    0    0    0    0    
132    23.354260354603714    0    0    0    0    0    0    0    
133    23.6063456946344    0    0    0    0    0    0    0    
134    23.320067002488724    0    0    0    0    0    0    0    
135    23.33630813826866    0    0    0    0    0    0    0    
136    23.664099150224704    0    0    0    0    0    0    0    
137    23.54439414444013    0    0    0    0    0    0    0    
138    23.100373831279953    0    0    0    0    0    0    0    
139    23.355484549685166    0    0    0    0    0    0    0    
140    23.753947899368942    0    0    0    0    0    0    0    
141    23.781551712096434    0    0    0    0    0    0    0    
142    23.41203579545747    0    0    0    0    0    0    0    
143    23.51099389631775    0    0    0    0    0    0    0    
144    23.07384194439284    0    0    0    0    0    0    0    
145    23.278579789499197    0    0    0    0    0    0    0    
146    23.33166342525801    0    0    0    0    0    0    0    
147    23.651217147542365    0    0    0    0    0    0    0    
148    23.446507286551693    0    0    0    0    0    0    0    
149    23.556814769561544    0    0    0    0    0    0    0    
150    23.473614197253738    0    0    0    0    0    0    0    
151    23.473775655936926    0    0    0    0    0    0    0    
152    23.508529562684167    0    0    0    0    0    0    0    
153    23.198408439814678    0    0    0    0    0    0    0    
154    23.455698702505533    0    0    0    0    0    0    0    
155    23.112270389201637    0    0    0    0    0    0    0    
156    23.41444117071631    0    0    0    0    0    0    0    
157    23.58681991022225    0    0    0    0    0    0    0    
158    23.67025746822407    0    0    0    0    0    0    0    
159    23.69971217335029    0    0    0    0    0    0    0    
160    23.512170029905764    0    0    0    0    0    0    0    
161    23.50816328675907    0    0    0    0    0    0    0    
162    23.33732799813311    0    0    0    0    0    0    0    
163    23.547205179445626    0    0    0    0    0    0    0    
164    23.115677788282916    0    0    0    0    0    0    0    
165    23.642925648835487    0    0    0    0    0    0    0    
166    23.86700368036219    0    0    0    0    0    0    0    
167    23.347404413106347    0    0    0    0    0    0    0    
168    23.668384025908463    0    0    0    0    0    0    0    
169    23.482629439157826    0    0    0    0    0    0    0    
170    23.245690445951805    0    0    0    0    0    0    0    
171    23.38350434519626    0    0    0    0    0    0    0    
172    23.676421206262958    0    0    0    0    0    0    0    
173    23.540619871203592    0    0    0    0    0    0    0    
174    23.645471982361148    0    0    0    0    0    0    0    
175    23.784985686425586    0    0    0    0    0    0    0    
176    23.11987091157783    0    0    0    0    0    0    0    
177    23.36971108995048    0    0    0    0    0    0    0    
178    23.324662936216644    0    0    0    0    0    0    0    
179    23.597107946844293    0    0    0    0    0    0    0    
180    23.164701897464827    0    0    0    0    0    0    0    
181    23.307793198133844    0    0    0    0    0    0    0    
182    23.510632435729352    0    0    0    0    0    0    0    
183    23.613400670463363    0    0    0    0    0    0    0    
184    23.410924462237656    0    0    0    0    0    0    0    
185    23.175509437730465    0    0    0    0    0    0    0    
186    23.143593202138526    0    0    0    0    0    0    0    
187    23.824864026261057    0    0    0    0    0    0    0    
188    23.390780443401468    0    0    0    0    0    0    0    
189    23.468325728752966    0    0    0    0    0    0    0    
190    23.49950206929937    0    0    0    0    0    0    0    
191    23.277089465210572    0    0    0    0    0    0    0    
192    23.25775014476739    0    0    0    0    0    0    0    
193    23.494642553346782    0    0    0    0    0    0    0    
194    23.391275351820845    0    0    0    0    0    0    0    
195    23.54100275905852    0    0    0    0    0    0    0    
196    23.250182635804098    0    0    0    0    0    0    0    
197    23.41967266562627    0    0    0    0    0    0    0    
198    22.92493171939065    0    0    0    0    0    0    0    
199    23.620732823287344    0    0    0    0    0    0    0    
200    23.58091054223313    0    0    0    0    0    0    0    
201    23.546809365000097    0    0    0    0    0    0    0    
202    23.299704603005786    0    0    0    0    0    0    0    
203    23.74763193578507    0    0    0    0    0    0    0    
204    23.24464636077528    0    0    0    0    0    0    0    
205    23.841090090388846    0    0    0    0    0    0    0    
206    23.823727713193037    0    0    0    0    0    0    0    
207    23.662044374923997    0    0    0    0    0    0    0    
208    23.30653050437307    0    0    0    0    0    0    0    
209    23.072014789536965    0    0    0    0    0    0    0    
210    23.853156176981166    0    0    0    0    0    0    0    
211    23.431249371258435    0    0    0    0    0    0    0    
212    23.84044132927051    0    0    0    0    0    0    0    
213    23.121596089622493    0    0    0    0    0    0    0    
214    23.828456946597186    0    0    0    0    0    0    0    
215    23.494788078780278    0    0    0    0    0    0    0    
216    23.454718614846822    0    0    0    0    0    0    0    
217    23.325209536272602    0    0    0    0    0    0    0    
218    23.460708538226047    0    0    0    0    0    0    0    
219    23.47583956997304    0    0    0    0    0    0    0    
220    23.561160987289256    0    0    0    0    0    0    0    
221    23.256175936692944    0    0    0    0    0    0    0    
222    23.22456015987687    0    0    0    0    0    0    0    
223    23.345238450062286    0    0    0    0    0    0    0    
224    23.88048458704386    0    0    0    0    0    0    0    
225    23.896190467260702    0    0    0    0    0    0    0    
226    23.451119347405587    0    0    0    0    0    0    0    
227    23.315636036735775    0    0    0    0    0    0    0    
228    23.419330495729174    0    0    0    0    0    0    0    
229    23.462046684325824    0    0    0    0    0    0    0    
230    23.657638012471537    0    0    0    0    0    0    0    
231    23.837710559802073    0    0    0    0    0    0    0    
232    23.51214013741768    0    0    0    0    0    0    0    
233    23.5161671287144    0    0    0    0    0    0    0    
234    23.657497100929252    0    0    0    0    0    0    0    
235    23.297966121927757    0    0    0    0    0    0    0    
236    23.064309829684642    0    0    0    0    0    0    0    
237    23.066129725083297    0    0    0    0    0    0    0    
238    23.250143373224535    0    0    0    0    0    0    0    
239    23.741067068933905    0    0    0    0    0    0    0    
240    23.432205055063125    0    0    0    0    0    0    0    
241    23.39615688214509    0    0    0    0    0    0    0    
242    24.172303751768514    0    0    0    0    0    0    0    
243    23.710156882893298    0    0    0    0    0    0    0    
244    23.80094047874377    0    0    0    0    0    0    0    
245    23.383866201077115    0    0    0    0    0    0    0    
246    23.532599865629077    0    0    0    0    0    0    0    
247    23.646995305717212    0    0    0    0    0    0    0    
248    23.278813901835644    0    0    0    0    0    0    0    
249    23.45736990226132    0    0    0    0    0    0    0    
250    23.397359096476034    0    0    0    0    0    0    0    
251    23.700083527277396    0    0    0    0    0    0    0    
252    23.778555270705557    0    0    0    0    0    0    0    
253    23.51775291602212    0    0    0    0    0    0    0    
254    23.5957478167243    0    0    0    0    0    0    0    
255    23.18887373324471    0    0    0    0    0    0    0    
256    23.609226701830636    0    0    0    0    0    0    0    
257    23.47044261269031    0    0    0    0    0    0    0    
258    23.077645526143026    0    0    0    0    0    0    0    
259    23.255555871863812    0    0    0    0    0    0    0    
260    23.768411036768864    0    0    0    0    0    0    0    
261    23.318149585049767    0    0    0    0    0    0    0    
262    23.588304860234057    0    0    0    0    0    0    0    
263    24.010465410026775    0    0    0    0    0    0    0    
264    23.757774751510134    0    0    0    0    0    0    0    
265    23.791876478914272    0    0    0    0    0    0    0    
266    23.29172770511387    0    0    0    0    0    0    0    
267    23.495914583894276    0    0    0    0    0    0    0    
268    23.61362906788584    0    0    0    0    0    0    0    
269    23.350525778047132    0    0    0    0    0    0    0    
270    23.279965491788186    0    0    0    0    0    0    0    
271    23.980279495638744    0    0    0    0    0    0    0    
272    23.60787042408445    0    0    0    0    0    0    0    
273    23.829442992067115    0    0    0    0    0    0    0    
274    23.39741787990046    0    0    0    0    0    0    0    
275    23.462596699428357    0    0    0    0    0    0    0    
276    22.95229873051211    0    0    0    0    0    0    0    
277    23.440634847225116    0    0    0    0    0    0    0    
278    23.53133959720229    0    0    0    0    0    0    0    
279    23.87132211317653    0    0    0    0    0    0    0    
280    23.434126642712478    0    0    0    0    0    0    0    
281    23.18484627859547    0    0    0    0    0    0    0    
282    23.665401983841736    0    0    0    0    0    0    0    
283    23.325481381531297    0    0    0    0    0    0    0    
284    23.068702504483266    0    0    0    0    0    0    0    
285    23.408173128389723    0    0    0    0    0    0    0    
286    23.432475477112668    0    0    0    0    0    0    0    
287    23.470920685307618    0    0    0    0    0    0    0    
288    23.815205845399515    0    0    0    0    0    0    0    
289    23.656059232182713    0    0    0    0    0    0    0    
290    23.270780500708128    0    0    0    0    0    0    0    
291    23.777913741050593    0    0    0    0    0    0    0    
292    23.598431848059832    0    0    0    0    0    0    0    
293    23.537324290702397    0    0    0    0    0    0    0    
294    23.71532554348503    0    0    0    0    0    0    0    
295    23.4179291745879    0    0    0    0    0    0    0    
296    23.634952498917333    0    0    0    0    0    0    0    
297    23.343868673662545    0    0    0    0    0    0    0    
298    23.726849397346847    0    0    0    0    0    0    0    
299    23.677859758666916    0    0    0    0    0    0    0    
300    23.08373564282987    0    0    0    0    0    0    0    
301    23.141568920878317    0    0    0    0    0    0    0    
302    23.344927885079372    0    0    0    0    0    0    0    
303    23.814921853823215    0    0    0    0    0    0    0    
304    23.29344125726509    0    0    0    0    0    0    0    
305    23.480074091581308    0    0    0    0    0    0    0    
306    23.054636150466315    0    0    0    0    0    0    0    
307    23.793718528825103    0    0    0    0    0    0    0    
308    23.476165013266172    0    0    0    0    0    0    0    
309    23.410837166805596    0    0    0    0    0    0    0    
310    23.758742480677743    0    0    0    0    0    0    0    
311    23.869198715449624    0    0    0    0    0    0    0    
312    23.69123943080563    0    0    0    0    0    0    0    
313    23.454037259656896    0    0    0    0    0    0    0    
314    23.35139742964393    0    0    0    0    0    0    0    
315    23.656302448026448    0    0    0    0    0    0    0    
316    23.335848065344447    0    0    0    0    0    0    0    
317    23.365897212674724    0    0    0    0    0    0    0    
318    23.576569449995123    0    0    0    0    0    0    0    
319    23.101131705489834    0    0    0    0    0    0    0    
320    23.89422044599508    0    0    0    0    0    0    0    
321    23.490625335221505    0    0    0    0    0    0    0    
322    23.336675457145557    0    0    0    0    0    0    0    
323    23.72314931927168    0    0    0    0    0    0    0    
324    23.710220332684887    0    0    0    0    0    0    0    
325    23.21131217489678    0    0    0    0    0    0    0    
326    22.94356170269489    0    0    0    0    0    0    0    
327    23.593292192801965    0    0    0    0    0    0    0    
328    23.49772101903068    0    0    0    0    0    0    0    
329    23.835705744732262    0    0    0    0    0    0    0    
330    24.0297392233441    0    0    0    0    0    0    0    
331    23.5107435715669    0    0    0    0    0    0    0    
332    23.77447926375438    0    0    0    0    0    0    0    
333    23.462867622461115    0    0    0    0    0    0    0    
334    23.56952401285638    0    0    0    0    0    0    0    
335    23.70034193313928    0    0    0    0    0    0    0    
336    23.908886752597063    0    0    0    0    0    0    0    
337    23.762631015109623    0    0    0    0    0    0    0    
338    23.65435677567789    0    0    0    0    0    0    0    
339    23.780633843400842    0    0    0    0    0    0    0    
340    23.39040671799325    0    0    0    0    0    0    0    
341    23.378096310272866    0    0    0    0    0    0    0    
342    23.653988814775218    0    0    0    0    0    0    0    
343    23.588452920011438    0    0    0    0    0    0    0    
344    23.550846854806032    0    0    0    0    0    0    0    
345    23.507027012636215    0    0    0    0    0    0    0    
346    23.054110507362903    0    0    0    0    0    0    0    
347    23.860247975099664    0    0    0    0    0    0    0    
348    23.41217143547579    0    0    0    0    0    0    0    
349    23.71836841421616    0    0    0    0    0    0    0    
350    23.809245978770758    0    0    0    0    0    0    0    
351    23.169505845020414    0    0    0    0    0    0    0    
352    23.597294394943987    0    0    0    0    0    0    0    
353    23.788794937925005    0    0    0    0    0    0    0    
354    23.481227992791343    0    0    0    0    0    0    0    
355    23.31555438604221    0    0    0    0    0    0    0    
356    23.231267652711892    0    0    0    0    0    0    0    
357    23.833907282053808    0    0    0    0    0    0    0    
358    22.979170788855225    0    0    0    0    0    0    0    
359    23.53124032687328    0    0    0    0    0    0    0    
360    23.465930695611046    0    0    0    0    0    0    0    
361    23.181524558951395    0    0    0    0    0    0    0    
362    23.67795315572333    0    0    0    0    0    0    0    
363    23.98972978175717    0    0    0    0    0    0    0    
364    23.11677594820144    0    0    0    0    0    0    0    
365    23.23793237372519    0    0    0    0    0    0    0    
366    23.556483277605793    0    0    0    0    0    0    0    
367    23.85536511346579    0    0    0    0    0    0    0    
368    23.867789497683905    0    0    0    0    0    0    0    
369    23.10666128078913    0    0    0    0    0    0    0    
370    23.967794779599114    0    0    0    0    0    0    0    
371    23.792547448043305    0    0    0    0    0    0    0    
372    23.31755593251032    0    0    0    0    0    0    0    
373    23.680829108004975    0    0    0    0    0    0    0    
374    23.778193479726728    0    0    0    0    0    0    0    
375    23.69784856117523    0    0    0    0    0    0    0    
376    23.527706631723856    0    0    0    0    0    0    0    
377    23.704131085433417    0    0    0    0    0    0    0    
378    23.528076391257585    0    0    0    0    0    0    0    
379    23.211327188049083    0    0    0    0    0    0    0    
380    23.530517520236604    0    0    0    0    0    0    0    
381    23.654318121774544    0    0    0    0    0    0    0    
382    23.67903104500344    0    0    0    0    0    0    0    
383    23.291872813588924    0    0    0    0    0    0    0    
384    23.65519314351478    0    0    0    0    0    0    0    
385    23.05004445944586    0    0    0    0    0    0    0    
386    23.473152917143498    0    0    0    0    0    0    0    
387    24.05950558621887    0    0    0    0    0    0    0    
388    23.346596426951812    0    0    0    0    0    0    0    
389    23.4957823820859    0    0    0    0    0    0    0    
390    22.959076503591316    0    0    0    0    0    0    0    
391    23.4294236632418    0    0    0    0    0    0    0    
392    23.535667355301115    0    0    0    0    0    0    0    
393    23.41447595226971    0    0    0    0    0    0    0    
394    23.966780777616147    0    0    0    0    0    0    0    
395    23.645253414257404    0    0    0    0    0    0    0    
396    23.64350751073219    0    0    0    0    0    0    0    
397    23.695583811099212    0    0    0    0    0    0    0    
398    23.727494580293012    0    0    0    0    0    0    0    
399    23.514293833320306    0    0    0    0    0    0    0    
400    23.493143080707128    0    0    0    0    0    0    0    
401    23.349266327761683    0    0    0    0    0    0    0    
402    23.14325006972802    0    0    0    0    0    0    0    
403    23.70190764129348    0    0    0    0    0    0    0    
404    23.455343951139714    0    0    0    0    0    0    0    
405    23.86081387995475    0    0    0    0    0    0    0    
406    23.91504897183199    0    0    0    0    0    0    0    
407    23.606691193813383    0    0    0    0    0    0    0    
408    23.097372430019032    0    0    0    0    0    0    0    
409    23.041752912122295    0    0    0    0    0    0    0    
410    23.779137886776727    0    0    0    0    0    0    0    
411    23.43474304954108    0    0    0    0    0    0    0    
412    23.02688768872471    0    0    0    0    0    0    0    
413    23.367126627110448    0    0    0    0    0    0    0    
414    23.790279966095845    0    0    0    0    0    0    0    
415    24.08221127591218    0    0    0    0    0    0    0    
416    23.73862788242519    0    0    0    0    0    0    0    
417    23.3621819081404    0    0    0    0    0    0    0    
418    23.567744676445844    0    0    0    0    0    0    0    
419    23.848107970498923    0    0    0    0    0    0    0    
420    23.016244180641912    0    0    0    0    0    0    0    
421    23.67013853525861    0    0    0    0    0    0    0    
422    24.135654532362516    0    0    0    0    0    0    0    
423    23.004155913616156    0    0    0    0    0    0    0    
424    23.626114728977196    0    0    0    0    0    0    0    
425    23.666426255037173    0    0    0    0    0    0    0    
426    23.471017762364347    0    0    0    0    0    0    0    
427    23.03076496891833    0    0    0    0    0    0    0    
428    23.754876383232983    0    0    0    0    0    0    0    
429    23.863752126125632    0    0    0    0    0    0    0    
430    23.570458632685842    0    0    0    0    0    0    0    
431    23.511419273513788    0    0    0    0    0    0    0    
432    23.382529846707754    0    0    0    0    0    0    0    
433    23.658736704339674    0    0    0    0    0    0    0    
434    23.540819513499756    0    0    0    0    0    0    0    
435    23.829505498936    0    0    0    0    0    0    0    
436    23.499891167055793    0    0    0    0    0    0    0    
437    23.46163806394601    0    0    0    0    0    0    0    
438    23.46615699154643    0    0    0    0    0    0    0    
439    23.98414560787838    0    0    0    0    0    0    0    
440    23.309229417216244    0    0    0    0    0    0    0    
441    23.581622822916465    0    0    0    0    0    0    0    
442    23.314320149465384    0    0    0    0    0    0    0    
443    23.512824548252084    0    0    0    0    0    0    0    
444    23.658615111685393    0    0    0    0    0    0    0    
445    23.846510130259432    0    0    0    0    0    0    0    
446    23.685325712285277    0    0    0    0    0    0    0    
447    23.684289333708474    0    0    0    0    0    0    0    
448    23.63622339009732    0    0    0    0    0    0    0    
449    23.72439380912964    0    0    0    0    0    0    0    
450    23.452390153215152    0    0    0    0    0    0    0    
451    23.6519724925684    0    0    0    0    0    0    0    
452    23.78618882576834    0    0    0    0    0    0    0    
453    22.96795447474013    0    0    0    0    0    0    0    
454    23.337430075794167    0    0    0    0    0    0    0    
455    23.559972517267774    0    0    0    0    0    0    0    
456    23.605619747121594    0    0    0    0    0    0    0    
457    23.111717754898567    0    0    0    0    0    0    0    
458    23.622291838713362    0    0    0    0    0    0    0    
459    23.19417363595018    0    0    0    0    0    0    0    
460    23.777100517498067    0    0    0    0    0    0    0    
461    23.73904614865075    0    0    0    0    0    0    0    
462    22.97205121054039    0    0    0    0    0    0    0    
463    23.490046180649625    0    0    0    0    0    0    0    
464    23.68099668431094    0    0    0    0    0    0    0    
465    23.343295752514667    0    0    0    0    0    0    0    
466    23.82109198673694    0    0    0    0    0    0    0    
467    23.560369083035948    0    0    0    0    0    0    0    
468    23.632529925408427    0    0    0    0    0    0    0    
469    23.49765558214848    0    0    0    0    0    0    0    
470    22.971068405285653    0    0    0    0    0    0    0    
471    23.658093734336934    0    0    0    0    0    0    0    
472    23.48250393558008    0    0    0    0    0    0    0    
473    23.55630898164247    0    0    0    0    0    0    0    
474    23.217602962439326    0    0    0    0    0    0    0    
475    23.73992862422499    0    0    0    0    0    0    0    
476    23.624458204759367    0    0    0    0    0    0    0    
477    23.500799012047423    0    0    0    0    0    0    0    
478    24.100268554570857    0    0    0    0    0    0    0    
479    22.898599645963365    0    0    0    0    0    0    0    
480    23.624022689201464    0    0    0    0    0    0    0    
481    23.65418214537433    0    0    0    0    0    0    0    
482    23.842649391420565    0    0    0    0    0    0    0    
483    23.432828304186142    0    0    0    0    0    0    0    
484    23.32210314583757    0    0    0    0    0    0    0    
485    23.40253350583202    0    0    0    0    0    0    0    
486    23.870205924116828    0    0    0    0    0    0    0    
487    23.57855737725688    0    0    0    0    0    0    0    
488    23.534855497182438    0    0    0    0    0    0    0    
489    23.151260436074853    0    0    0    0    0    0    0    
490    24.08820739094603    0    0    0    0    0    0    0    
491    24.09857712584551    0    0    0    0    0    0    0    
492    24.000205145361384    0    0    0    0    0    0    0    
493    22.79108811891311    0    0    0    0    0    0    0    
494    23.805453451727526    0    0    0    0    0    0    0    
495    23.671792556440206    0    0    0    0    0    0    0    
496    23.23520264368188    0    0    0    0    0    0    0    
497    23.189435352941103    0    0    0    0    0    0    0    
498    23.25201125728405    0    0    0    0    0    0    0    
499    23.268818442681564    0    0    0    0    0    0    0    
500    23.503627834214623    0    0    0    0    0    0    0    
501    23.654271621050658    0    0    0    0    0    0    0    
502    23.81146511658825    0    0    0    0    0    0    0    
503    23.2647555873055    0    0    0    0    0    0    0    
504    23.486101189049535    0    0    0    0    0    0    0    
505    23.42209609516592    0    0    0    0    0    0    0    
506    23.21452209459227    0    0    0    0    0    0    0    
507    23.774875767054414    0    0    0    0    0    0    0    
508    23.57879240821188    0    0    0    0    0    0    0    
509    22.99815082745508    0    0    0    0    0    0    0    
510    23.530336093538732    0    0    0    0    0    0    0    
511    23.44732149616243    0    0    0    0    0    0    0    
512    23.46426881153819    0    0    0    0    0    0    0    
513    23.53908772333875    0    0    0    0    0    0    0    
514    23.640405437098718    0    0    0    0    0    0    0    
515    23.319162570645013    0    0    0    0    0    0    0    
516    23.127078375529848    0    0    0    0    0    0    0    
517    23.635358321576668    0    0    0    0    0    0    0    
518    23.322277748787805    0    0    0    0    0    0    0    
519    23.05295834885612    0    0    0    0    0    0    0    
520    23.531990919166255    0    0    0    0    0    0    0    
521    23.372114041987256    0    0    0    0    0    0    0    
522    23.468118577380242    0    0    0    0    0    0    0    
523    22.938902715285742    0    0    0    0    0    0    0    
524    23.14636763304753    0    0    0    0    0    0    0    
525    24.01761079525357    0    0    0    0    0    0    0    
526    23.606668248725114    0    0    0    0    0    0    0    
527    23.280422026481226    0    0    0    0    0    0    0    
528    23.33974804272531    0    0    0    0    0    0    0    
529    23.113218837866793    0    0    0    0    0    0    0    
530    23.19397479033977    0    0    0    0    0    0    0    
531    23.366933551861994    0    0    0    0    0    0    0    
532    23.426215394467345    0    0    0    0    0    0    0    
533    23.617035409192937    0    0    0    0    0    0    0    
534    23.425805446232204    0    0    0    0    0    0    0    
535    23.92784638971064    0    0    0    0    0    0    0    
536    23.659922888024816    0    0    0    0    0    0    0    
537    23.724434486169017    0    0    0    0    0    0    0    
538    23.49042189631581    0    0    0    0    0    0    0    
539    23.093528557480536    0    0    0    0    0    0    0    
540    23.7116148010875    0    0    0    0    0    0    0    
541    23.39989999018109    0    0    0    0    0    0    0    
542    23.30441615544038    0    0    0    0    0    0    0    
543    23.16359569117469    0    0    0    0    0    0    0    
544    23.823847633597    0    0    0    0    0    0    0    
545    23.233015481486408    0    0    0    0    0    0    0    
546    23.582739416716215    0    0    0    0    0    0    0    
547    23.720422984469078    0    0    0    0    0    0    0    
548    23.139350022025397    0    0    0    0    0    0    0    
549    23.03000564837709    0    0    0    0    0    0    0    
550    23.88735741571235    0    0    0    0    0    0    0    
551    23.603324972888007    0    0    0    0    0    0    0    
552    23.73623591844421    0    0    0    0    0    0    0    
553    23.64788211596899    0    0    0    0    0    0    0    
554    23.43061332144962    0    0    0    0    0    0    0    
555    23.003609353575328    0    0    0    0    0    0    0    
556    23.961821536372227    0    0    0    0    0    0    0    
557    23.81092051061605    0    0    0    0    0    0    0    
558    23.61602607163319    0    0    0    0    0    0    0    
559    23.479565923131968    0    0    0    0    0    0    0    
560    23.448872747214104    0    0    0    0    0    0    0    
561    23.423810495067723    0    0    0    0    0    0    0    
562    23.643303978051524    0    0    0    0    0    0    0    
563    23.509457217017367    0    0    0    0    0    0    0    
564    23.41629016900056    0    0    0    0    0    0    0    
565    23.85883097954301    0    0    0    0    0    0    0    
566    23.777583252292278    0    0    0    0    0    0    0    
567    23.720619614181423    0    0    0    0    0    0    0    
568    23.505985123785116    0    0    0    0    0    0    0    
569    23.48087471083786    0    0    0    0    0    0    0    
570    23.59898502212767    0    0    0    0    0    0    0    
571    23.363817583448903    0    0    0    0    0    0    0    
572    23.46859114306424    0    0    0    0    0    0    0    
573    23.6041716257548    0    0    0    0    0    0    0    
574    23.5075881813158    0    0    0    0    0    0    0    
575    23.203390337275447    0    0    0    0    0    0    0    
576    23.69262555458007    0    0    0    0    0    0    0    
577    23.634741253257012    0    0    0    0    0    0    0    
578    23.109447832750927    0    0    0    0    0    0    0    
579    23.47454577984253    0    0    0    0    0    0    0    
580    23.262993857276776    0    0    0    0    0    0    0    
581    23.505225749963593    0    0    0    0    0    0    0    
582    23.383700367426265    0    0    0    0    0    0    0    
583    23.58538823693303    0    0    0    0    0    0    0    
584    23.623507222483678    0    0    0    0    0    0    0    
585    23.275264040591164    0    0    0    0    0    0    0    
586    23.797952003333936    0    0    0    0    0    0    0    
587    23.65497596529739    0    0    0    0    0    0    0    
588    23.857697367115065    0    0    0    0    0    0    0    
589    23.429355736761405    0    0    0    0    0    0    0    
590    23.32183038137071    0    0    0    0    0    0    0    
591    23.457019288385958    0    0    0    0    0    0    0    
592    23.623879518049794    0    0    0    0    0    0    0    
593    23.342165568146346    0    0    0    0    0    0    0    
594    23.33018520571436    0    0    0    0    0    0    0    
595    23.21151603419711    0    0    0    0    0    0    0    
596    22.883558448015584    0    0    0    0    0    0    0    
597    23.776210269731813    0    0    0    0    0    0    0    
598    23.77673860404831    0    0    0    0    0    0    0    
599    23.514353173793204    0    0    0    0    0    0    0    
600    23.021117265926733    0    0    0    0    0    0    0    
601    23.617390907532137    0    0    0    0    0    0    0    
602    23.036781765051565    0    0    0    0    0    0    0    
603    23.726456522791704    0    0    0    0    0    0    0    
604    23.222902825485573    0    0    0    0    0    0    0    
605    23.27764815706953    0    0    0    0    0    0    0    
606    23.80174697613797    0    0    0    0    0    0    0    
607    23.754499103233012    0    0    0    0    0    0    0    
608    23.19571951041113    0    0    0    0    0    0    0    
609    23.182456838790905    0    0    0    0    0    0    0    
610    23.458968175598077    0    0    0    0    0    0    0    
611    23.291294952754626    0    0    0    0    0    0    0    
612    23.34501321008528    0    0    0    0    0    0    0    
613    23.559946799742104    0    0    0    0    0    0    0    
614    23.532469690845833    0    0    0    0    0    0    0    
615    23.634211783801597    0    0    0    0    0    0    0    
616    23.30566301694576    0    0    0    0    0    0    0    
617    23.575837726470656    0    0    0    0    0    0    0    
618    23.717493315922756    0    0    0    0    0    0    0    
619    23.39525282523412    0    0    0    0    0    0    0    
620    23.444512353232835    0    0    0    0    0    0    0    
621    23.304198537275944    0    0    0    0    0    0    0    
622    23.4488394734666    0    0    0    0    0    0    0    
623    23.698284318603772    0    0    0    0    0    0    0    
624    23.57238576495318    0    0    0    0    0    0    0    
625    23.74240407799033    0    0    0    0    0    0    0    
626    23.02109170626367    0    0    0    0    0    0    0    
627    23.30100379602312    0    0    0    0    0    0    0    
628    23.731579855717335    0    0    0    0    0    0    0    
629    23.59085585579148    0    0    0    0    0    0    0    
630    23.210955764411047    0    0    0    0    0    0    0    
631    23.55323393864826    0    0    0    0    0    0    0    
632    23.69364411648827    0    0    0    0    0    0    0    
633    24.050572486681986    0    0    0    0    0    0    0    
634    23.22969547415766    0    0    0    0    0    0    0    
635    23.486329389899606    0    0    0    0    0    0    0    
636    23.502176027259235    0    0    0    0    0    0    0    
637    23.728884660341276    0    0    0    0    0    0    0    
638    23.733210230180635    0    0    0    0    0    0    0    
639    23.475127758901184    0    0    0    0    0    0    0    
640    23.516424573637106    0    0    0    0    0    0    0    
641    23.80839369960015    0    0    0    0    0    0    0    
642    23.340627018029238    0    0    0    0    0    0    0    
643    23.57808117493579    0    0    0    0    0    0    0    
644    23.33510574098425    0    0    0    0    0    0    0    
645    23.496796453737865    0    0    0    0    0    0    0    
646    23.566839457648975    0    0    0    0    0    0    0    
647    23.75806170063165    0    0    0    0    0    0    0    
648    23.33372750131457    0    0    0    0    0    0    0    
649    23.175621901979074    0    0    0    0    0    0    0    
650    23.237114147744656    0    0    0    0    0    0    0    
651    23.45402871741693    0    0    0    0    0    0    0    
652    23.28495978973845    0    0    0    0    0    0    0    
653    23.697468524057403    0    0    0    0    0    0    0    
654    23.506227058329642    0    0    0    0    0    0    0    
655    23.630339406718623    0    0    0    0    0    0    0    
656    23.43794077539484    0    0    0    0    0    0    0    
657    23.50422109647057    0    0    0    0    0    0    0    
658    23.521054528537    0    0    0    0    0    0    0    
659    23.076132123237254    0    0    0    0    0    0    0    