! OpenFAST Deterministic Wind File
#
# Comment lines begin with "!" or "#" or "%", then the data lines must contain the following columns:
#
# If there are only 8 columns, upflow is assumed to be 0.
#
# Parameters are interpolated linearly between time steps; using nearest neighbor before the first time 
# listed in this file and after the last time listed in the file. 
#
! Time     Wind    Wind    Vertical    Horiz.      Pwr.Law     Lin.Vert.   Gust     Upflow
!          Speed   Dir     Speed       Shear       Vert.Shr    Shear       Speed    Angle 
! (sec)    (m/s)   (Deg)   (m/s)                                            (m/s)   (deg)
0    24.333895175010834    0    0    0    0    0    0    0    
1    24.98069628833535    0    0    0    0    0    0    0    
2    25.224812318485483    0    0    0    0    0    0    0    
3    24.94922030398309    0    0    0    0    0    0    0    
4    24.304480750000128    0    0    0    0    0    0    0    
5    25.183919659388145    0    0    0    0    0    0    0    
6    26.161003230617233    0    0    0    0    0    0    0    
7    24.73031595000304    0    0    0    0    0    0    0    
8    25.251699332573367    0    0    0    0    0    0    0    
9    24.07107734595343    0    0    0    0    0    0    0    
10    24.403361226002737    0    0    0    0    0    0    0    
11    25.177246368242685    0    0    0    0    0    0    0    
12    24.925624688499887    0    0    0    0    0    0    0    
13    25.682506410581535    0    0    0    0    0    0    0    
14    24.277997597082525    0    0    0    0    0    0    0    
15    25.509864235508925    0    0    0    0    0    0    0    
16    25.62282080721374    0    0    0    0    0    0    0    
17    25.01190180094831    0    0    0    0    0    0    0    
18    24.936312506307434    0    0    0    0    0    0    0    
19    25.09748503542585    0    0    0    0    0    0    0    
20    25.18964163123915    0    0    0    0    0    0    0    
21    25.592698777385134    0    0    0    0    0    0    0    
22    24.442945121299466    0    0    0    0    0    0    0    
23    24.242770204043413    0    0    0    0    0    0    0    
24    24.993049455323508    0    0    0    0    0    0    0    
25    24.79039330798921    0    0    0    0    0    0    0    
26    25.559252038802562    0    0    0    0    0    0    0    
27    25.6245998689973    0    0    0    0    0    0    0    
28    25.51000023696333    0    0    0    0    0    0    0    
29    25.121825213621264    0    0    0    0    0    0    0    
30    25.040865752971733    0    0    0    0    0    0    0    
31    23.84258326829116    0    0    0    0    0    0    0    
32    25.488945388819683    0    0    0    0    0    0    0    
33    24.679809508613975    0    0    0    0    0    0    0    
34    24.250915604702257    0    0    0    0    0    0    0    
35    24.402250558548605    0    0    0    0    0    0    0    
36    24.601081986313286    0    0    0    0    0    0    0    
37    24.39722215239277    0    0    0    0    0    0    0    
38    25.010644694683005    0    0    0    0    0    0    0    
39    24.553756894322444    0    0    0    0    0    0    0    
40    25.03248120991868    0    0    0    0    0    0    0    
41    24.63295976164857    0    0    0    0    0    0    0    
42    25.04341222218502    0    0    0    0    0    0    0    
43    25.07648939615948    0    0    0    0    0    0    0    
44    25.031415920205788    0    0    0    0    0    0    0    
45    25.325889759920912    0    0    0    0    0    0    0    
46    24.784520718457436    0    0    0    0    0    0    0    
47    24.53029165843595    0    0    0    0    0    0    0    
48    25.491262229451632    0    0    0    0    0    0    0    
49    25.102817846943456    0    0    0    0    0    0    0    
50    24.12809920278831    0    0    0    0    0    0    0    
51    24.92254169804832    0    0    0    0    0    0    0    
52    26.146069267319607    0    0    0    0    0    0    0    
53    25.235602425823313    0    0    0    0    0    0    0    
54    23.73279224329737    0    0    0    0    0    0    0    
55    24.827000077331125    0    0    0    0    0    0    0    
56    24.94688933253391    0    0    0    0    0    0    0    
57    25.007290450584126    0    0    0    0    0    0    0    
58    25.25521294561693    0    0    0    0    0    0    0    
59    25.25762455053967    0    0    0    0    0    0    0    
60    24.838437228920906    0    0    0    0    0    0    0    
61    25.66325129613875    0    0    0    0    0    0    0    
62    24.514020135472716    0    0    0    0    0    0    0    
63    24.641304505418066    0    0    0    0    0    0    0    
64    24.9588850638474    0    0    0    0    0    0    0    
65    25.053391862860547    0    0    0    0    0    0    0    
66    24.89410845555051    0    0    0    0    0    0    0    
67    24.603497069363023    0    0    0    0    0    0    0    
68    24.789673644767568    0    0    0    0    0    0    0    
69    25.441093978287505    0    0    0    0    0    0    0    
70    24.9862120025869    0    0    0    0    0    0    0    
71    25.25459006491875    0    0    0    0    0    0    0    
72    24.0473952949732    0    0    0    0    0    0    0    
73    24.94418740844983    0    0    0    0    0    0    0    
74    24.37711848339096    0    0    0    0    0    0    0    
75    24.65732870003188    0    0    0    0    0    0    0    
76    24.528108038160056    0    0    0    0    0    0    0    
77    25.024396455351866    0    0    0    0    0    0    0    
78    25.4786152289563    0    0    0    0    0    0    0    
79    25.713811585604724    0    0    0    0    0    0    0    
80    25.843736840557817    0    0    0    0    0    0    0    
81    24.72813415059727    0    0    0    0    0    0    0    
82    24.49492891697944    0    0    0    0    0    0    0    
83    23.757877206269416    0    0    0    0    0    0    0    
84    23.651308101523117    0    0    0    0    0    0    0    
85    24.79280898344467    0    0    0    0    0    0    0    
86    24.50324693939259    0    0    0    0    0    0    0    
87    25.490978522461383    0    0    0    0    0    0    0    
88    24.806075127886373    0    0    0    0    0    0    0    
89    24.92656454872457    0    0    0    0    0    0    0    
90    24.690952154269446    0    0    0    0    0    0    0    
91    23.967496587137028    0    0    0    0    0    0    0    
92    25.15625511870835    0    0    0    0    0    0    0    
93    24.35777367279573    0    0    0    0    0    0    0    
94    25.016532413500997    0    0    0    0    0    0    0    
95    24.456261740860878    0    0    0    0    0    0    0    
96    24.590827139466686    0    0    0    0    0    0    0    
97    25.225004233429292    0    0    0    0    0    0    0    
98    24.586387163265577    0    0    0    0    0    0    0    
99    24.440287486950318    0    0    0    0    0    0    0    
100    25.065026381379035    0    0    0    0    0    0    0    
101    24.473637317925448    0    0    0    0    0    0    0    
102    24.308220653802803    0    0    0    0    0    0    0    
103    24.770349095158192    0    0    0    0    0    0    0    
104    24.59241004303493    0    0    0    0    0    0    0    
105    24.69995585411781    0    0    0    0    0    0    0    
106    25.178890664545488    0    0    0    0    0    0    0    
107    25.390795863399966    0    0    0    0    0    0    0    
108    25.244296894813935    0    0    0    0    0    0    0    
109    24.279162673166777    0    0    0    0    0    0    0    
110    25.32468892645779    0    0    0    0    0    0    0    
111    24.83189276448064    0    0    0    0    0    0    0    
112    24.595689820573142    0    0    0    0    0    0    0    
113    24.997428338361594    0    0    0    0    0    0    0    
114    24.999049661319017    0    0    0    0    0    0    0    
115    24.865405021722488    0    0    0    0    0    0    0    
116    25.134198354367463    0    0    0    0    0    0    0    
117    24.856837464761256    0    0    0    0    0    0    0    
118    25.923543209076374    0    0    0    0    0    0    0    
119    25.016019418065966    0    0    0    0    0    0    0    
120    25.325019460807862    0    0    0    0    0    0    0    
121    23.559286286456803    0    0    0    0    0    0    0    
122    24.95873373531349    0    0    0    0    0    0    0    
123    23.80472416409143    0    0    0    0    0    0    0    
124    25.826721102447607    0    0    0    0    0    0    0    
125    25.050993559602663    0    0    0    0    0    0    0    
126    25.18280431912339    0    0    0    0    0    0    0    
127    25.329835771379148    0    0    0    0    0    0    0    
128    24.1237367619172    0    0    0    0    0    0    0    
129    24.938757571941352    0    0    0    0    0    0    0    
130    25.746979662368172    0    0    0    0    0    0    0    
131    24.99837876571303    0    0    0    0    0    0    0    
132    24.450044153474607    0    0    0    0    0    0    0    
133    24.332830821615214    0    0    0    0    0    0    0    
134    24.70796891309571    0    0    0    0    0    0    0    
135    24.603237369531932    0    0    0    0    0    0    0    
136    25.13705454271481    0    0    0    0    0    0    0    
137    24.70966796988845    0    0    0    0    0    0    0    
138    24.466122391594485    0    0    0    0    0    0    0    
139    24.900228653748815    0    0    0    0    0    0    0    
140    24.696404007340877    0    0    0    0    0    0    0    
141    24.395230789336196    0    0    0    0    0    0    0    
142    24.44711139771022    0    0    0    0    0    0    0    
143    25.559507484928282    0    0    0    0    0    0    0    
144    24.6107711491579    0    0    0    0    0    0    0    
145    24.5875852441683    0    0    0    0    0    0    0    
146    24.808350812869033    0    0    0    0    0    0    0    
147    25.898084090902643    0    0    0    0    0    0    0    
148    24.586175114042213    0    0    0    0    0    0    0    
149    25.088144907941384    0    0    0    0    0    0    0    
150    23.430875153542893    0    0    0    0    0    0    0    
151    25.4562350094551    0    0    0    0    0    0    0    
152    25.37612169114215    0    0    0    0    0    0    0    
153    24.164261755881657    0    0    0    0    0    0    0    
154    24.609145269542154    0    0    0    0    0    0    0    
155    24.77573866483177    0    0    0    0    0    0    0    
156    25.17823207926963    0    0    0    0    0    0    0    
157    25.436681566408776    0    0    0    0    0    0    0    
158    24.931296194631486    0    0    0    0    0    0    0    
159    24.64846786272744    0    0    0    0    0    0    0    
160    25.808951211491767    0    0    0    0    0    0    0    
161    24.988108488679824    0    0    0    0    0    0    0    
162    24.6683330807593    0    0    0    0    0    0    0    
163    25.052560623675067    0    0    0    0    0    0    0    
164    24.327472476572524    0    0    0    0    0    0    0    
165    25.096774716793103    0    0    0    0    0    0    0    
166    24.665497477991476    0    0    0    0    0    0    0    
167    25.88808648433222    0    0    0    0    0    0    0    
168    24.3659509309949    0    0    0    0    0    0    0    
169    24.454093525365106    0    0    0    0    0    0    0    
170    25.630324714892122    0    0    0    0    0    0    0    
171    24.691221548660828    0    0    0    0    0    0    0    
172    25.028082881209652    0    0    0    0    0    0    0    
173    24.637493963628238    0    0    0    0    0    0    0    
174    25.320883045834513    0    0    0    0    0    0    0    
175    24.373061493356552    0    0    0    0    0    0    0    
176    25.0159389008853    0    0    0    0    0    0    0    
177    25.023136669530604    0    0    0    0    0    0    0    
178    24.894509040775024    0    0    0    0    0    0    0    
179    25.04115481331929    0    0    0    0    0    0    0    
180    24.059191953110204    0    0    0    0    0    0    0    
181    24.491857529797503    0    0    0    0    0    0    0    
182    24.366108021595693    0    0    0    0    0    0    0    
183    24.908279134718878    0    0    0    0    0    0    0    
184    24.36890969989341    0    0    0    0    0    0    0    
185    26.020408823357776    0    0    0    0    0    0    0    
186    24.57802326005437    0    0    0    0    0    0    0    
187    24.64010628830442    0    0    0    0    0    0    0    
188    24.86954541875414    0    0    0    0    0    0    0    
189    24.83477394227798    0    0    0    0    0    0    0    
190    24.281062658460392    0    0    0    0    0    0    0    
191    24.72228906434083    0    0    0    0    0    0    0    
192    24.87263775035087    0    0    0    0    0    0    0    
193    24.778550791217715    0    0    0    0    0    0    0    
194    25.35097982693857    0    0    0    0    0    0    0    
195    25.118359542634437    0    0    0    0    0    0    0    
196    25.205862117807232    0    0    0    0    0    0    0    
197    25.611731009621472    0    0    0    0    0    0    0    
198    24.68282142181156    0    0    0    0    0    0    0    
199    25.25449798326826    0    0    0    0    0    0    0    
200    25.27033418460304    0    0    0    0    0    0    0    
201    24.88476773837009    0    0    0    0    0    0    0    
202    23.986797744693835    0    0    0    0    0    0    0    
203    24.041216131882287    0    0    0    0    0    0    0    
204    25.07978564166811    0    0    0    0    0    0    0    
205    23.799796344703616    0    0    0    0    0    0    0    
206    24.31128328229715    0    0    0    0    0    0    0    
207    24.519160163859574    0    0    0    0    0    0    0    
208    24.621125894315774    0    0    0    0    0    0    0    
209    26.422563895996173    0    0    0    0    0    0    0    
210    25.593250823736476    0    0    0    0    0    0    0    
211    24.61528101001493    0    0    0    0    0    0    0    
212    24.266557176310066    0    0    0    0    0    0    0    
213    25.153324250935377    0    0    0    0    0    0    0    
214    25.43604603010115    0    0    0    0    0    0    0    
215    25.071845457870587    0    0    0    0    0    0    0    
216    24.747273522544063    0    0    0    0    0    0    0    
217    24.363623455643182    0    0    0    0    0    0    0    
218    24.760286316725967    0    0    0    0    0    0    0    
219    24.699893699202033    0    0    0    0    0    0    0    
220    24.693796463602467    0    0    0    0    0    0    0    
221    24.92082023326511    0    0    0    0    0    0    0    
222    25.774617012546926    0    0    0    0    0    0    0    
223    25.025066294732877    0    0    0    0    0    0    0    
224    25.254072687341658    0    0    0    0    0    0    0    
225    25.457745606176125    0    0    0    0    0    0    0    
226    24.286412878076234    0    0    0    0    0    0    0    
227    25.488513980995744    0    0    0    0    0    0    0    
228    25.05153761583362    0    0    0    0    0    0    0    
229    24.320294391605902    0    0    0    0    0    0    0    
230    25.435320198907856    0    0    0    0    0    0    0    
231    24.738004105151607    0    0    0    0    0    0    0    
232    25.371388989307796    0    0    0    0    0    0    0    
233    24.552870856351284    0    0    0    0    0    0    0    
234    25.237067759349966    0    0    0    0    0    0    0    
235    24.571662397393812    0    0    0    0    0    0    0    
236    24.9067583467039    0    0    0    0    0    0    0    
237    25.109076221206497    0    0    0    0    0    0    0    
238    24.43384303949152    0    0    0    0    0    0    0    
239    25.422073051599913    0    0    0    0    0    0    0    
240    25.33308191563525    0    0    0    0    0    0    0    
241    24.237242164560115    0    0    0    0    0    0    0    
242    23.956017569217927    0    0    0    0    0    0    0    
243    25.85573543558985    0    0    0    0    0    0    0    
244    25.030877294119943    0    0    0    0    0    0    0    
245    25.536776635722823    0    0    0    0    0    0    0    
246    25.47945527914489    0    0    0    0    0    0    0    
247    24.436295687636843    0    0    0    0    0    0    0    
248    23.657221639842763    0    0    0    0    0    0    0    
249    25.53969012868359    0    0    0    0    0    0    0    
250    24.655112693178086    0    0    0    0    0    0    0    
251    24.73647382810817    0    0    0    0    0    0    0    
252    24.218605904060453    0    0    0    0    0    0    0    
253    24.60785299840006    0    0    0    0    0    0    0    
254    24.764599621249523    0    0    0    0    0    0    0    
255    24.657994694656622    0    0    0    0    0    0    0    
256    25.167587342260237    0    0    0    0    0    0    0    
257    24.952707601495757    0    0    0    0    0    0    0    
258    25.675992030159637    0    0    0    0    0    0    0    
259    23.53115145076517    0    0    0    0    0    0    0    
260    25.75149753599408    0    0    0    0    0    0    0    
261    23.620915221062504    0    0    0    0    0    0    0    
262    25.175493096188205    0    0    0    0    0    0    0    
263    24.4091553541172    0    0    0    0    0    0    0    
264    25.102610814182015    0    0    0    0    0    0    0    
265    25.00307464236068    0    0    0    0    0    0    0    
266    24.57677814566629    0    0    0    0    0    0    0    
267    25.090848078023537    0    0    0    0    0    0    0    
268    24.509264920842398    0    0    0    0    0    0    0    
269    23.80099080456095    0    0    0    0    0    0    0    
270    25.30098004951018    0    0    0    0    0    0    0    
271    24.460411424556234    0    0    0    0    0    0    0    
272    24.782770698463935    0    0    0    0    0    0    0    
273    24.86230514611302    0    0    0    0    0    0    0    
274    24.653921927526373    0    0    0    0    0    0    0    
275    24.3080433623436    0    0    0    0    0    0    0    
276    25.08778474373173    0    0    0    0    0    0    0    
277    25.73304267174162    0    0    0    0    0    0    0    
278    24.794562476404934    0    0    0    0    0    0    0    
279    25.462494509886685    0    0    0    0    0    0    0    
280    25.027085815165446    0    0    0    0    0    0    0    
281    24.180172156579488    0    0    0    0    0    0    0    
282    25.218807999344733    0    0    0    0    0    0    0    
283    25.096088241573824    0    0    0    0    0    0    0    
284    24.903866107370693    0    0    0    0    0    0    0    
285    25.408411053814756    0    0    0    0    0    0    0    
286    25.32740514470148    0    0    0    0    0    0    0    
287    24.960721860482387    0    0    0    0    0    0    0    
288    24.174473196857086    0    0    0    0    0    0    0    
289    24.296147282037012    0    0    0    0    0    0    0    
290    25.211210439179695    0    0    0    0    0    0    0    
291    25.857616080937582    0    0    0    0    0    0    0    
292    24.93275371116454    0    0    0    0    0    0    0    
293    25.387799500202878    0    0    0    0    0    0    0    
294    25.657578515428415    0    0    0    0    0    0    0    
295    25.751690691167678    0    0    0    0    0    0    0    
296    24.467373284726378    0    0    0    0    0    0    0    
297    26.01305415073437    0    0    0    0    0    0    0    
298    25.288750862350565    0    0    0    0    0    0    0    
299    24.820243413805603    0    0    0    0    0    0    0    
300    24.57229322428652    0    0    0    0    0    0    0    
301    24.380119187458202    0    0    0    0    0    0    0    
302    24.84616960082669    0    0    0    0    0    0    0    
303    24.96011077562591    0    0    0    0    0    0    0    
304    24.288534821579237    0    0    0    0    0    0    0    
305    24.887221969889477    0    0    0    0    0    0    0    
306    25.073273098875383    0    0    0    0    0    0    0    
307    25.18349639057623    0    0    0    0    0    0    0    
308    25.202525413787694    0    0    0    0    0    0    0    
309    25.40193413159608    0    0    0    0    0    0    0    
310    24.302584943895578    0    0    0    0    0    0    0    
311    25.26171116924777    0    0    0    0    0    0    0    
312    24.894070643725097    0    0    0    0    0    0    0    
313    24.508424624054364    0    0    0    0    0    0    0    
314    25.02084597753065    0    0    0    0    0    0    0    
315    24.194982655162075    0    0    0    0    0    0    0    
316    24.983428260517137    0    0    0    0    0    0    0    
317    24.10791207232523    0    0    0    0    0    0    0    
318    24.481869921091395    0    0    0    0    0    0    0    
319    24.479209915713135    0    0    0    0    0    0    0    
320    24.29029438383632    0    0    0    0    0    0    0    
321    24.707460804830788    0    0    0    0    0    0    0    
322    23.923374568367336    0    0    0    0    0    0    0    
323    24.830227213688367    0    0    0    0    0    0    0    
324    24.40264238145217    0    0    0    0    0    0    0    
325    25.11129704416774    0    0    0    0    0    0    0    
326    25.46563803605275    0    0    0    0    0    0    0    
327    24.78268242827718    0    0    0    0    0    0    0    
328    24.50214706023283    0    0    0    0    0    0    0    
329    25.05118085115761    0    0    0    0    0    0    0    
330    25.071762507648284    0    0    0    0    0    0    0    
331    24.723841364368518    0    0    0    0    0    0    0    
332    25.051302741456727    0    0    0    0    0    0    0    
333    24.814972071226503    0    0    0    0    0    0    0    
334    25.4433744750528    0    0    0    0    0    0    0    
335    24.239195542326677    0    0    0    0    0    0    0    
336    24.31113965882651    0    0    0    0    0    0    0    
337    25.957338832090425    0    0    0    0    0    0    0    
338    24.92413712045978    0    0    0    0    0    0    0    
339    25.400032485650982    0    0    0    0    0    0    0    
340    25.181807034905624    0    0    0    0    0    0    0    
341    24.990260329961664    0    0    0    0    0    0    0    
342    23.878926854371283    0    0    0    0    0    0    0    
343    24.394141504934368    0    0    0    0    0    0    0    
344    24.282984178461945    0    0    0    0    0    0    0    
345    24.32900436428222    0    0    0    0    0    0    0    
346    24.512457789117892    0    0    0    0    0    0    0    
347    23.907479176638358    0    0    0    0    0    0    0    
348    25.041842633896035    0    0    0    0    0    0    0    
349    26.613275777821777    0    0    0    0    0    0    0    
350    25.562351165599782    0    0    0    0    0    0    0    
351    25.47256996861883    0    0    0    0    0    0    0    
352    25.039434708775822    0    0    0    0    0    0    0    
353    24.948172205038542    0    0    0    0    0    0    0    
354    25.68768789030248    0    0    0    0    0    0    0    
355    24.748678620312923    0    0    0    0    0    0    0    
356    24.147902612368906    0    0    0    0    0    0    0    
357    25.712845040053356    0    0    0    0    0    0    0    
358    25.089491124709806    0    0    0    0    0    0    0    
359    25.189524756837784    0    0    0    0    0    0    0    
360    25.353372138851302    0    0    0    0    0    0    0    
361    24.727652882602484    0    0    0    0    0    0    0    
362    25.15957271488012    0    0    0    0    0    0    0    
363    25.34433419416301    0    0    0    0    0    0    0    
364    25.397242576770836    0    0    0    0    0    0    0    
365    25.33739230811685    0    0    0    0    0    0    0    
366    24.741538223090682    0    0    0    0    0    0    0    
367    25.153805796587832    0    0    0    0    0    0    0    
368    24.357331003069355    0    0    0    0    0    0    0    
369    25.423751281557013    0    0    0    0    0    0    0    
370    24.966455262125013    0    0    0    0    0    0    0    
371    24.067784784116117    0    0    0    0    0    0    0    
372    25.250581973912496    0    0    0    0    0    0    0    
373    24.599853427420502    0    0    0    0    0    0    0    
374    24.640927051122336    0    0    0    0    0    0    0    
375    24.972148188964756    0    0    0    0    0    0    0    
376    24.950546036337617    0    0    0    0    0    0    0    
377    24.224757127717318    0    0    0    0    0    0    0    
378    24.40831297906091    0    0    0    0    0    0    0    
379    24.714048280001386    0    0    0    0    0    0    0    
380    24.267054748345135    0    0    0    0    0    0    0    
381    25.418819969749016    0    0    0    0    0    0    0    
382    24.848175913031184    0    0    0    0    0    0    0    
383    24.99141647804707    0    0    0    0    0    0    0    
384    25.111054305755122    0    0    0    0    0    0    0    
385    24.64962409665804    0    0    0    0    0    0    0    
386    24.54017410621455    0    0    0    0    0    0    0    
387    23.884374540508244    0    0    0    0    0    0    0    
388    25.320163608748196    0    0    0    0    0    0    0    
389    25.493472351985453    0    0    0    0    0    0    0    
390    25.469547857676638    0    0    0    0    0    0    0    
391    25.199383569836932    0    0    0    0    0    0    0    
392    24.46383125164109    0    0    0    0    0    0    0    
393    25.33719574112822    0    0    0    0    0    0    0    
394    25.542466415330853    0    0    0    0    0    0    0    
395    23.63032390512919    0    0    0    0    0    0    0    
396    25.095446632835458    0    0    0    0    0    0    0    
397    25.46777028788085    0    0    0    0    0    0    0    
398    24.540473882555073    0    0    0    0    0    0    0    
399    24.43011935960909    0    0    0    0    0    0    0    
400    24.411625738725444    0    0    0    0    0    0    0    
401    25.793376715309098    0    0    0    0    0    0    0    
402    25.067732520064837    0    0    0    0    0    0    0    
403    24.84225366447343    0    0    0    0    0    0    0    
404    25.528946706336722    0    0    0    0    0    0    0    
405    25.82927740774267    0    0    0    0    0    0    0    
406    25.519770784021908    0    0    0    0    0    0    0    
407    25.096660742500696    0    0    0    0    0    0    0    
408    25.80676106781576    0    0    0    0    0    0    0    
409    24.968367985260773    0    0    0    0    0    0    0    
410    25.265712149581994    0    0    0    0    0    0    0    
411    24.332656945598554    0    0    0    0    0    0    0    
412    24.776160161448107    0    0    0    0    0    0    0    
413    24.831645978078118    0    0    0    0    0    0    0    
414    24.91947789848114    0    0    0    0    0    0    0    
415    24.77989562926626    0    0    0    0    0    0    0    
416    25.436648022736744    0    0    0    0    0    0    0    
417    24.640076512315968    0    0    0    0    0    0    0    
418    25.527761544781782    0    0    0    0    0    0    0    
419    25.415830903229118    0    0    0    0    0    0    0    
420    25.10558412413696    0    0    0    0    0    0    0    
421    24.96100480707841    0    0    0    0    0    0    0    
422    24.71689251226447    0    0    0    0    0    0    0    
423    24.66551665660174    0    0    0    0    0    0    0    
424    24.690461185661874    0    0    0    0    0    0    0    
425    24.540287650102638    0    0    0    0    0    0    0    
426    24.405122754402463    0    0    0    0    0    0    0    
427    24.52383553489022    0    0    0    0    0    0    0    
428    24.011868356382568    0    0    0    0    0    0    0    
429    24.395578973869547    0    0    0    0    0    0    0    
430    25.749180082772    0    0    0    0    0    0    0    
431    24.45174968591001    0    0    0    0    0    0    0    
432    26.270666762595674    0    0    0    0    0    0    0    
433    24.802678831340334    0    0    0    0    0    0    0    
434    24.30458044248121    0    0    0    0    0    0    0    
435    24.77601615475794    0    0    0    0    0    0    0    
436    25.908536574289943    0    0    0    0    0    0    0    
437    25.368352964545327    0    0    0    0    0    0    0    
438    25.416122907203025    0    0    0    0    0    0    0    
439    25.572697635217395    0    0    0    0    0    0    0    
440    24.975396072293215    0    0    0    0    0    0    0    
441    25.32038363126628    0    0    0    0    0    0    0    
442    24.756945327504106    0    0    0    0    0    0    0    
443    24.796177714479263    0    0    0    0    0    0    0    
444    24.337850558651553    0    0    0    0    0    0    0    
445    24.32192533606819    0    0    0    0    0    0    0    
446    24.931728930219972    0    0    0    0    0    0    0    
447    25.35045218917976    0    0    0    0    0    0    0    
448    24.08247868937553    0    0    0    0    0    0    0    
449    25.234541809720945    0    0    0    0    0    0    0    
450    24.490847547020035    0    0    0    0    0    0    0    
451    24.331783740944978    0    0    0    0    0    0    0    
452    24.92863916076746    0    0    0    0    0    0    0    
453    24.651579321752727    0    0    0    0    0    0    0    
454    25.117279595652224    0    0    0    0    0    0    0    
455    25.615942901116902    0    0    0    0    0    0    0    
456    24.48054240457918    0    0    0    0    0    0    0    
457    24.43225643437257    0    0    0    0    0    0    0    
458    24.31270279855827    0    0    0    0    0    0    0    
459    25.03466487345526    0    0    0    0    0    0    0    
460    24.353869859414797    0    0    0    0    0    0    0    
461    24.791433730806634    0    0    0    0    0    0    0    
462    24.7928916366976    0    0    0    0    0    0    0    
463    25.576190704378813    0    0    0    0    0    0    0    
464    24.537488993461483    0    0    0    0    0    0    0    
465    23.984044656333317    0    0    0    0    0    0    0    
466    24.207494428883326    0    0    0    0    0    0    0    
467    24.767960853488315    0    0    0    0    0    0    0    
468    25.08821090676181    0    0    0    0    0    0    0    
469    25.288575801326363    0    0    0    0    0    0    0    
470    25.460771533755892    0    0    0    0    0    0    0    
471    25.219281751756156    0    0    0    0    0    0    0    
472    24.4262045563688    0    0    0    0    0    0    0    
473    25.907011150891798    0    0    0    0    0    0    0    
474    25.045683592139444    0    0    0    0    0    0    0    
475    25.345155116950906    0    0    0    0    0    0    0    
476    24.846369080566365    0    0    0    0    0    0    0    
477    25.372527451857657    0    0    0    0    0    0    0    
478    24.742672390800074    0    0    0    0    0    0    0    
479    24.66522428647862    0    0    0    0    0    0    0    
480    25.22098674969146    0    0    0    0    0    0    0    
481    24.581414854697073    0    0    0    0    0    0    0    
482    25.515441206730124    0    0    0    0    0    0    0    
483    24.979440298684164    0    0    0    0    0    0    0    
484    25.92445201433216    0    0    0    0    0    0    0    
485    24.584192936143197    0    0    0    0    0    0    0    
486    25.431911565315467    0    0    0    0    0    0    0    
487    26.07574984502935    0    0    0    0    0    0    0    
488    25.094166066965787    0    0    0    0    0    0    0    
489    25.6486895086086    0    0    0    0    0    0    0    
490    24.202188195113017    0    0    0    0    0    0    0    
491    25.057306574991657    0    0    0    0    0    0    0    
492    25.004530646609055    0    0    0    0    0    0    0    
493    24.386498826085692    0    0    0    0    0    0    0    
494    24.927329421556607    0    0    0    0    0    0    0    
495    24.8212419511953    0    0    0    0    0    0    0    
496    23.805875676982986    0    0    0    0    0    0    0    
497    25.704375374305926    0    0    0    0    0    0    0    
498    23.65926376572492    0    0    0    0    0    0    0    
499    24.80086345335264    0    0    0    0    0    0    0    
500    24.484343333959252    0    0    0    0    0    0    0    
501    25.135110233541358    0    0    0    0    0    0    0    
502    24.926790517310685    0    0    0    0    0    0    0    
503    25.42024928178064    0    0    0    0    0    0    0    
504    24.954641565676372    0    0    0    0    0    0    0    
505    24.461281079546733    0    0    0    0    0    0    0    
506    24.915597678474686    0    0    0    0    0    0    0    
507    23.405068636237026    0    0    0    0    0    0    0    
508    25.59411312107412    0    0    0    0    0    0    0    
509    25.379673837674122    0    0    0    0    0    0    0    
510    25.2648145532842    0    0    0    0    0    0    0    
511    24.962951771908482    0    0    0    0    0    0    0    
512    24.482017430254785    0    0    0    0    0    0    0    
513    25.04305831612088    0    0    0    0    0    0    0    
514    25.37703011628563    0    0    0    0    0    0    0    
515    24.369001013917906    0    0    0    0    0    0    0    
516    24.367207343449355    0    0    0    0    0    0    0    
517    25.07096351609727    0    0    0    0    0    0    0    
518    25.325414610410043    0    0    0    0    0    0    0    
519    24.922037600723872    0    0    0    0    0    0    0    
520    25.345571216765556    0    0    0    0    0    0    0    
521    24.4213529232263    0    0    0    0    0    0    0    
522    25.174754467103373    0    0    0    0    0    0    0    
523    25.307641586129296    0    0    0    0    0    0    0    
524    24.48832639785021    0    0    0    0    0    0    0    
525    24.23544933103701    0    0    0    0    0    0    0    
526    24.692716882639495    0    0    0    0    0    0    0    
527    24.630891422012574    0    0    0    0    0    0    0    
528    24.516749431311034    0    0    0    0    0    0    0    
529    24.473130510695533    0    0    0    0    0    0    0    
530    24.717142867643638    0    0    0    0    0    0    0    
531    25.488227008312954    0    0    0    0    0    0    0    
532    23.940710590269454    0    0    0    0    0    0    0    
533    25.32078066393698    0    0    0    0    0    0    0    
534    24.977372687411595    0    0    0    0    0    0    0    
535    24.32018994906865    0    0    0    0    0    0    0    
536    24.61092377874496    0    0    0    0    0    0    0    
537    25.981538494867742    0    0    0    0    0    0    0    
538    24.18865428546352    0    0    0    0    0    0    0    
539    25.676903952965027    0    0    0    0    0    0    0    
540    24.806450322719595    0    0    0    0    0    0    0    
541    26.056755705438057    0    0    0    0    0    0    0    
542    24.709000760518652    0    0    0    0    0    0    0    
543    24.919246359422097    0    0    0    0    0    0    0    
544    25.44362033527991    0    0    0    0    0    0    0    
545    24.712432654655213    0    0    0    0    0    0    0    
546    25.314980093084344    0    0    0    0    0    0    0    
547    25.281076265309782    0    0    0    0    0    0    0    
548    24.963650938126072    0    0    0    0    0    0    0    
549    24.729169783578218    0    0    0    0    0    0    0    
550    25.143567853445678    0    0    0    0    0    0    0    
551    24.729152371464767    0    0    0    0    0    0    0    
552    25.653588196090414    0    0    0    0    0    0    0    
553    24.458854586114008    0    0    0    0    0    0    0    
554    24.57373258487635    0    0    0    0    0    0    0    
555    25.09937475794305    0    0    0    0    0    0    0    
556    24.622363987970104    0    0    0    0    0    0    0    
557    24.521619707119356    0    0    0    0    0    0    0    
558    25.1137194785105    0    0    0    0    0    0    0    
559    24.194427389250393    0    0    0    0    0    0    0    
560    24.99093745793933    0    0    0    0    0    0    0    
561    24.249509349026546    0    0    0    0    0    0    0    
562    25.305099760994956    0    0    0    0    0    0    0    
563    25.33778793303205    0    0    0    0    0    0    0    
564    24.80845545433677    0    0    0    0    0    0    0    
565    25.114473164572    0    0    0    0    0    0    0    
566    25.172018452097735    0    0    0    0    0    0    0    
567    25.387506430660945    0    0    0    0    0    0    0    
568    25.018228712104047    0    0    0    0    0    0    0    
569    24.736792528379763    0    0    0    0    0    0    0    
570    24.92703979478888    0    0    0    0    0    0    0    
571    25.710610335700274    0    0    0    0    0    0    0    
572    24.4888971198607    0    0    0    0    0    0    0    
573    24.288141154662355    0    0    0    0    0    0    0    
574    25.628324232878573    0    0    0    0    0    0    0    
575    25.203170852374257    0    0    0    0    0    0    0    
576    24.387062026461532    0    0    0    0    0    0    0    
577    24.267728311733855    0    0    0    0    0    0    0    
578    25.55064563418006    0    0    0    0    0    0    0    
579    24.668530592875207    0    0    0    0    0    0    0    
580    24.12211568080628    0    0    0    0    0    0    0    
581    25.13027693274477    0    0    0    0    0    0    0    
582    25.647087887322247    0    0    0    0    0    0    0    
583    25.65890986233122    0    0    0    0    0    0    0    
584    24.820157323513765    0    0    0    0    0    0    0    
585    24.569528121713002    0    0    0    0    0    0    0    
586    24.20201644852137    0    0    0    0    0    0    0    
587    25.645130212217477    0    0    0    0    0    0    0    
588    25.72642746921907    0    0    0    0    0    0    0    
589    24.377262219803924    0    0    0    0    0    0    0    
590    24.10569519694015    0    0    0    0    0    0    0    
591    25.662465836905834    0    0    0    0    0    0    0    
592    24.941247070645165    0    0    0    0    0    0    0    
593    25.668693695026406    0    0    0    0    0    0    0    
594    25.64218336638403    0    0    0    0    0    0    0    
595    25.28878651448393    0    0    0    0    0    0    0    
596    24.928814126490618    0    0    0    0    0    0    0    
597    24.94319733273751    0    0    0    0    0    0    0    
598    25.178801246977162    0    0    0    0    0    0    0    
599    25.248942666331608    0    0    0    0    0    0    0    
600    25.8131056887455    0    0    0    0    0    0    0    
601    24.55962894144226    0    0    0    0    0    0    0    
602    25.115715739063166    0    0    0    0    0    0    0    
603    23.82075146312332    0    0    0    0    0    0    0    
604    26.116155244991152    0    0    0    0    0    0    0    
605    23.87454039060991    0    0    0    0    0    0    0    
606    24.86894464599786    0    0    0    0    0    0    0    
607    25.025817878649487    0    0    0    0    0    0    0    
608    24.9215202965561    0    0    0    0    0    0    0    
609    25.11681221621839    0    0    0    0    0    0    0    
610    25.12732731174114    0    0    0    0    0    0    0    
611    24.873942483367642    0    0    0    0    0    0    0    
612    25.493265465503274    0    0    0    0    0    0    0    
613    25.45395430887884    0    0    0    0    0    0    0    
614    24.68171955887045    0    0    0    0    0    0    0    
615    24.843658404282213    0    0    0    0    0    0    0    
616    24.942121827588995    0    0    0    0    0    0    0    
617    26.210109775872773    0    0    0    0    0    0    0    
618    25.36552204889808    0    0    0    0    0    0    0    
619    25.037275428683355    0    0    0    0    0    0    0    
620    24.573879689948434    0    0    0    0    0    0    0    
621    25.37374130563493    0    0    0    0    0    0    0    
622    26.03592741271756    0    0    0    0    0    0    0    
623    24.274851109513808    0    0    0    0    0    0    0    
624    24.516534385778396    0    0    0    0    0    0    0    
625    25.584019275131674    0    0    0    0    0    0    0    
626    25.993057184390548    0    0    0    0    0    0    0    
627    25.239004579203392    0    0    0    0    0    0    0    
628    25.376047092731298    0    0    0    0    0    0    0    
629    25.26423055126406    0    0    0    0    0    0    0    
630    25.624872618407984    0    0    0    0    0    0    0    
631    25.33936867372595    0    0    0    0    0    0    0    
632    24.28466144424506    0    0    0    0    0    0    0    
633    24.694578806287506    0    0    0    0    0    0    0    
634    25.460134907895505    0    0    0    0    0    0    0    
635    25.661977378440593    0    0    0    0    0    0    0    
636    25.152713121008244    0    0    0    0    0    0    0    
637    24.901822449296446    0    0    0    0    0    0    0    
638    24.442701233608496    0    0    0    0    0    0    0    
639    24.88398281014852    0    0    0    0    0    0    0    
640    24.75823718144344    0    0    0    0    0    0    0    
641    24.788822900973926    0    0    0    0    0    0    0    
642    24.75621102776803    0    0    0    0    0    0    0    
643    25.483980232018112    0    0    0    0    0    0    0    
644    24.651302268116794    0    0    0    0    0    0    0    
645    24.968097127184834    0    0    0    0    0    0    0    
646    24.566498861335024    0    0    0    0    0    0    0    
647    25.29430898196287    0    0    0    0    0    0    0    
648    25.19484580996365    0    0    0    0    0    0    0    
649    24.605260249830256    0    0    0    0    0    0    0    
650    24.851996422777933    0    0    0    0    0    0    0    
651    25.269169960036844    0    0    0    0    0    0    0    
652    24.950217072256542    0    0    0    0    0    0    0    
653    24.613001741163764    0    0    0    0    0    0    0    
654    25.218112572846    0    0    0    0    0    0    0    
655    25.325499975725425    0    0    0    0    0    0    0    
656    24.43823930293778    0    0    0    0    0    0    0    
657    24.729796814936645    0    0    0    0    0    0    0    
658    25.130626442545534    0    0    0    0    0    0    0    
659    25.29341745160744    0    0    0    0    0    0    0    