! OpenFAST Deterministic Wind File
#
# Comment lines begin with "!" or "#" or "%", then the data lines must contain the following columns:
#
# If there are only 8 columns, upflow is assumed to be 0.
#
# Parameters are interpolated linearly between time steps; using nearest neighbor before the first time 
# listed in this file and after the last time listed in the file. 
#
! Time     Wind    Wind    Vertical    Horiz.      Pwr.Law     Lin.Vert.   Gust     Upflow
!          Speed   Dir     Speed       Shear       Vert.Shr    Shear       Speed    Angle 
! (sec)    (m/s)   (Deg)   (m/s)                                            (m/s)   (deg)
0    5.636261472232233    0    0    0    0    0    0    0    
1    5.186317128470396    0    0    0    0    0    0    0    
2    5.451081481056752    0    0    0    0    0    0    0    
3    5.577066813354925    0    0    0    0    0    0    0    
4    5.469308104796171    0    0    0    0    0    0    0    
5    5.7476273514075595    0    0    0    0    0    0    0    
6    5.077414724967974    0    0    0    0    0    0    0    
7    5.343429272280827    0    0    0    0    0    0    0    
8    4.760739947801616    0    0    0    0    0    0    0    
9    5.620372646801381    0    0    0    0    0    0    0    
10    5.026600297585298    0    0    0    0    0    0    0    
11    5.548362122218931    0    0    0    0    0    0    0    
12    5.052971492330522    0    0    0    0    0    0    0    
13    5.166686571893312    0    0    0    0    0    0    0    
14    5.335514319286622    0    0    0    0    0    0    0    
15    5.501169352137916    0    0    0    0    0    0    0    
16    5.668020082997146    0    0    0    0    0    0    0    
17    5.42097113551547    0    0    0    0    0    0    0    
18    5.741338990384483    0    0    0    0    0    0    0    
19    5.439759523726318    0    0    0    0    0    0    0    
20    5.179460430851508    0    0    0    0    0    0    0    
21    5.76129495237108    0    0    0    0    0    0    0    
22    5.30321753653393    0    0    0    0    0    0    0    
23    5.094670150592914    0    0    0    0    0    0    0    
24    5.727200443963458    0    0    0    0    0    0    0    
25    5.232675394170383    0    0    0    0    0    0    0    
26    5.241425727560572    0    0    0    0    0    0    0    
27    5.295539941931168    0    0    0    0    0    0    0    
28    5.374923387468716    0    0    0    0    0    0    0    
29    5.41748360811082    0    0    0    0    0    0    0    
30    5.46868054109057    0    0    0    0    0    0    0    
31    5.281789011464044    0    0    0    0    0    0    0    
32    5.403913305940705    0    0    0    0    0    0    0    
33    5.233294468710565    0    0    0    0    0    0    0    
34    5.605327334209318    0    0    0    0    0    0    0    
35    5.482443118989234    0    0    0    0    0    0    0    
36    5.568815167255464    0    0    0    0    0    0    0    
37    6.0662523430785855    0    0    0    0    0    0    0    
38    5.750148146505966    0    0    0    0    0    0    0    
39    5.4518216077205555    0    0    0    0    0    0    0    
40    5.666496116884275    0    0    0    0    0    0    0    
41    5.272379057279574    0    0    0    0    0    0    0    
42    5.94130376347891    0    0    0    0    0    0    0    
43    5.82253596968642    0    0    0    0    0    0    0    
44    5.246504939004639    0    0    0    0    0    0    0    
45    5.382856117678165    0    0    0    0    0    0    0    
46    5.3428151628388045    0    0    0    0    0    0    0    
47    5.221500553722851    0    0    0    0    0    0    0    
48    5.318505573362074    0    0    0    0    0    0    0    
49    5.205387793689098    0    0    0    0    0    0    0    
50    5.215154499350941    0    0    0    0    0    0    0    
51    5.131902769230341    0    0    0    0    0    0    0    
52    5.260433690838468    0    0    0    0    0    0    0    
53    5.64506378964158    0    0    0    0    0    0    0    
54    5.26742855640714    0    0    0    0    0    0    0    
55    5.305592830915435    0    0    0    0    0    0    0    
56    5.783865944838862    0    0    0    0    0    0    0    
57    5.432768302668435    0    0    0    0    0    0    0    
58    5.095130724135175    0    0    0    0    0    0    0    
59    5.338346372053747    0    0    0    0    0    0    0    
60    5.236749844158182    0    0    0    0    0    0    0    
61    5.564512601096858    0    0    0    0    0    0    0    
62    5.408311126541015    0    0    0    0    0    0    0    
63    5.817785523609446    0    0    0    0    0    0    0    
64    5.7452970596779585    0    0    0    0    0    0    0    
65    4.816451500873445    0    0    0    0    0    0    0    
66    5.040802699390916    0    0    0    0    0    0    0    
67    5.132226099492675    0    0    0    0    0    0    0    
68    5.158804504312437    0    0    0    0    0    0    0    
69    5.857873859333801    0    0    0    0    0    0    0    
70    5.376104884310997    0    0    0    0    0    0    0    
71    5.57139706164027    0    0    0    0    0    0    0    
72    5.173157526008941    0    0    0    0    0    0    0    
73    5.516381242456294    0    0    0    0    0    0    0    
74    5.761162966016137    0    0    0    0    0    0    0    
75    5.73230067602636    0    0    0    0    0    0    0    
76    5.01961288432103    0    0    0    0    0    0    0    
77    5.693042809665098    0    0    0    0    0    0    0    
78    5.507787494726475    0    0    0    0    0    0    0    
79    5.218129547880791    0    0    0    0    0    0    0    
80    5.516222882431852    0    0    0    0    0    0    0    
81    5.403456576548849    0    0    0    0    0    0    0    
82    5.8961021943262555    0    0    0    0    0    0    0    
83    5.443937210713135    0    0    0    0    0    0    0    
84    5.049092605017648    0    0    0    0    0    0    0    
85    5.497438028323905    0    0    0    0    0    0    0    
86    5.617373651423466    0    0    0    0    0    0    0    
87    5.211107617300319    0    0    0    0    0    0    0    
88    5.999083461703434    0    0    0    0    0    0    0    
89    5.678735695800262    0    0    0    0    0    0    0    
90    5.72995634556172    0    0    0    0    0    0    0    
91    5.189853187982498    0    0    0    0    0    0    0    
92    5.429329050734437    0    0    0    0    0    0    0    
93    5.485948715170732    0    0    0    0    0    0    0    
94    5.824376138366437    0    0    0    0    0    0    0    
95    5.261318389863197    0    0    0    0    0    0    0    
96    5.623292557845422    0    0    0    0    0    0    0    
97    5.686395744272337    0    0    0    0    0    0    0    
98    5.11809307088305    0    0    0    0    0    0    0    
99    5.630005931765729    0    0    0    0    0    0    0    
100    5.4420663907725695    0    0    0    0    0    0    0    
101    5.247369920992103    0    0    0    0    0    0    0    
102    5.382884839959077    0    0    0    0    0    0    0    
103    5.344501648419881    0    0    0    0    0    0    0    
104    5.387137119991609    0    0    0    0    0    0    0    
105    5.456509032328515    0    0    0    0    0    0    0    
106    5.661294472428316    0    0    0    0    0    0    0    
107    5.458451850234573    0    0    0    0    0    0    0    
108    5.601057733699849    0    0    0    0    0    0    0    
109    5.632411081768142    0    0    0    0    0    0    0    
110    4.965376178387921    0    0    0    0    0    0    0    
111    5.279766086128035    0    0    0    0    0    0    0    
112    5.336879652508087    0    0    0    0    0    0    0    
113    5.405859422189499    0    0    0    0    0    0    0    
114    5.387737734260038    0    0    0    0    0    0    0    
115    5.046979005475427    0    0    0    0    0    0    0    
116    5.237446251615601    0    0    0    0    0    0    0    
117    5.483949516416802    0    0    0    0    0    0    0    
118    5.354169694969302    0    0    0    0    0    0    0    
119    5.374228941273387    0    0    0    0    0    0    0    
120    5.267475742295119    0    0    0    0    0    0    0    
121    4.991403571302905    0    0    0    0    0    0    0    
122    5.4901057623208285    0    0    0    0    0    0    0    
123    5.464524749032093    0    0    0    0    0    0    0    
124    5.597025475258249    0    0    0    0    0    0    0    
125    5.928716631880458    0    0    0    0    0    0    0    
126    5.509811204867472    0    0    0    0    0    0    0    
127    5.077378141508258    0    0    0    0    0    0    0    
128    5.249033445874542    0    0    0    0    0    0    0    
129    5.328435043510272    0    0    0    0    0    0    0    
130    5.054540667248207    0    0    0    0    0    0    0    
131    5.258803444668653    0    0    0    0    0    0    0    
132    5.270435322096293    0    0    0    0    0    0    0    
133    5.225157512421543    0    0    0    0    0    0    0    
134    4.922225030561757    0    0    0    0    0    0    0    
135    5.310298481744849    0    0    0    0    0    0    0    
136    5.366113185909619    0    0    0    0    0    0    0    
137    5.719660654541987    0    0    0    0    0    0    0    
138    5.34003620092923    0    0    0    0    0    0    0    
139    5.439247420553362    0    0    0    0    0    0    0    
140    5.695696429961989    0    0    0    0    0    0    0    
141    5.3670218230018945    0    0    0    0    0    0    0    
142    4.92410652909963    0    0    0    0    0    0    0    
143    5.40767839939353    0    0    0    0    0    0    0    
144    5.455858644269419    0    0    0    0    0    0    0    
145    5.509700414473357    0    0    0    0    0    0    0    
146    6.115676570641232    0    0    0    0    0    0    0    
147    5.496115580400386    0    0    0    0    0    0    0    
148    5.766501160813595    0    0    0    0    0    0    0    
149    5.415419484767409    0    0    0    0    0    0    0    
150    5.000662434360366    0    0    0    0    0    0    0    
151    5.252071495086496    0    0    0    0    0    0    0    
152    5.605804481973578    0    0    0    0    0    0    0    
153    5.1629476307082145    0    0    0    0    0    0    0    
154    5.357045201053798    0    0    0    0    0    0    0    
155    5.7025331221179165    0    0    0    0    0    0    0    
156    5.50009238730826    0    0    0    0    0    0    0    
157    5.408926927625635    0    0    0    0    0    0    0    
158    5.821409041188368    0    0    0    0    0    0    0    
159    5.711524348619141    0    0    0    0    0    0    0    
160    5.534347363426984    0    0    0    0    0    0    0    
161    5.451305976543138    0    0    0    0    0    0    0    
162    5.430185014595123    0    0    0    0    0    0    0    
163    4.916723649078789    0    0    0    0    0    0    0    
164    5.851059270133142    0    0    0    0    0    0    0    
165    5.743675654962972    0    0    0    0    0    0    0    
166    5.39689399750555    0    0    0    0    0    0    0    
167    5.271814352881093    0    0    0    0    0    0    0    
168    5.3395520606850075    0    0    0    0    0    0    0    
169    5.183615787642347    0    0    0    0    0    0    0    
170    5.125608407730472    0    0    0    0    0    0    0    
171    5.686184724613131    0    0    0    0    0    0    0    
172    5.417710594526624    0    0    0    0    0    0    0    
173    5.856308688739461    0    0    0    0    0    0    0    
174    5.670746362897154    0    0    0    0    0    0    0    
175    5.71809517858229    0    0    0    0    0    0    0    
176    5.151588475806358    0    0    0    0    0    0    0    
177    5.586177051828236    0    0    0    0    0    0    0    
178    5.238199549095345    0    0    0    0    0    0    0    
179    5.375632653682778    0    0    0    0    0    0    0    
180    5.402090543126176    0    0    0    0    0    0    0    
181    4.873632683210013    0    0    0    0    0    0    0    
182    5.772814316084189    0    0    0    0    0    0    0    
183    4.9136773514196985    0    0    0    0    0    0    0    
184    5.091971170586762    0    0    0    0    0    0    0    
185    5.321647636325979    0    0    0    0    0    0    0    
186    5.564220060788982    0    0    0    0    0    0    0    
187    5.065259091125679    0    0    0    0    0    0    0    
188    5.678047080393047    0    0    0    0    0    0    0    
189    5.540578598650566    0    0    0    0    0    0    0    
190    5.538277704369341    0    0    0    0    0    0    0    
191    5.215687146982303    0    0    0    0    0    0    0    
192    5.578393603043434    0    0    0    0    0    0    0    
193    5.324030961762448    0    0    0    0    0    0    0    
194    5.544136537322678    0    0    0    0    0    0    0    
195    5.269098002945405    0    0    0    0    0    0    0    
196    5.243636052141172    0    0    0    0    0    0    0    
197    5.675044928714794    0    0    0    0    0    0    0    
198    5.438512705878836    0    0    0    0    0    0    0    
199    5.575663012287482    0    0    0    0    0    0    0    
200    5.915306923299042    0    0    0    0    0    0    0    
201    5.976849207010544    0    0    0    0    0    0    0    
202    5.229696166784222    0    0    0    0    0    0    0    
203    5.541771475949246    0    0    0    0    0    0    0    
204    5.491921806461497    0    0    0    0    0    0    0    
205    5.854219591624717    0    0    0    0    0    0    0    
206    4.8952735828275005    0    0    0    0    0    0    0    
207    5.3147078554608465    0    0    0    0    0    0    0    
208    5.141923766133589    0    0    0    0    0    0    0    
209    5.031028043545323    0    0    0    0    0    0    0    
210    5.362727441746908    0    0    0    0    0    0    0    
211    5.130173840897928    0    0    0    0    0    0    0    
212    5.096799698321047    0    0    0    0    0    0    0    
213    5.0884311387051895    0    0    0    0    0    0    0    
214    5.558465508826908    0    0    0    0    0    0    0    
215    5.224266681497237    0    0    0    0    0    0    0    
216    4.964004883006196    0    0    0    0    0    0    0    
217    5.567101402928782    0    0    0    0    0    0    0    
218    5.5618477619214675    0    0    0    0    0    0    0    
219    5.4352636309509945    0    0    0    0    0    0    0    
220    5.729930266159579    0    0    0    0    0    0    0    
221    5.655662646305886    0    0    0    0    0    0    0    
222    5.353366474404472    0    0    0    0    0    0    0    
223    5.387681979585682    0    0    0    0    0    0    0    
224    5.640643230897594    0    0    0    0    0    0    0    
225    5.173585065949544    0    0    0    0    0    0    0    
226    5.4744277745944885    0    0    0    0    0    0    0    
227    5.330594240829679    0    0    0    0    0    0    0    
228    5.331816714990893    0    0    0    0    0    0    0    
229    5.189881500881911    0    0    0    0    0    0    0    
230    5.2796035171787965    0    0    0    0    0    0    0    
231    5.51352135289868    0    0    0    0    0    0    0    
232    5.101554952891367    0    0    0    0    0    0    0    
233    5.127263508152044    0    0    0    0    0    0    0    
234    5.544274504185128    0    0    0    0    0    0    0    
235    5.152196011803377    0    0    0    0    0    0    0    
236    5.737545182516652    0    0    0    0    0    0    0    
237    5.2849900695509335    0    0    0    0    0    0    0    
238    4.636912420887349    0    0    0    0    0    0    0    
239    5.751290754082726    0    0    0    0    0    0    0    
240    4.877374613905573    0    0    0    0    0    0    0    
241    5.441604596232232    0    0    0    0    0    0    0    
242    5.672378769519077    0    0    0    0    0    0    0    
243    5.601870740485953    0    0    0    0    0    0    0    
244    5.069865401629146    0    0    0    0    0    0    0    
245    5.458305714830481    0    0    0    0    0    0    0    
246    5.152844224495598    0    0    0    0    0    0    0    
247    4.9008250960310304    0    0    0    0    0    0    0    
248    5.137410508525528    0    0    0    0    0    0    0    
249    5.2538569054245245    0    0    0    0    0    0    0    
250    5.627518150989474    0    0    0    0    0    0    0    
251    5.349066745445113    0    0    0    0    0    0    0    
252    5.705175437622074    0    0    0    0    0    0    0    
253    5.800501424575032    0    0    0    0    0    0    0    
254    4.898990575741909    0    0    0    0    0    0    0    
255    5.761012018765166    0    0    0    0    0    0    0    
256    5.03875916189868    0    0    0    0    0    0    0    
257    5.731280857593223    0    0    0    0    0    0    0    
258    5.5554752149002145    0    0    0    0    0    0    0    
259    5.16510575143461    0    0    0    0    0    0    0    
260    4.993500171850952    0    0    0    0    0    0    0    
261    5.296636734244326    0    0    0    0    0    0    0    
262    5.282846412490597    0    0    0    0    0    0    0    
263    5.650638010954387    0    0    0    0    0    0    0    
264    5.297527773729568    0    0    0    0    0    0    0    
265    5.351220581609239    0    0    0    0    0    0    0    
266    5.48196793802487    0    0    0    0    0    0    0    
267    5.221739768623633    0    0    0    0    0    0    0    
268    5.413564236978503    0    0    0    0    0    0    0    
269    5.0000854631370215    0    0    0    0    0    0    0    
270    5.753698347699922    0    0    0    0    0    0    0    
271    5.380698903183985    0    0    0    0    0    0    0    
272    5.314487232525501    0    0    0    0    0    0    0    
273    5.429941381499823    0    0    0    0    0    0    0    
274    4.798748690745008    0    0    0    0    0    0    0    
275    5.277911040984625    0    0    0    0    0    0    0    
276    5.135487408573232    0    0    0    0    0    0    0    
277    5.592471521640488    0    0    0    0    0    0    0    
278    5.836404534488954    0    0    0    0    0    0    0    
279    5.448353403805364    0    0    0    0    0    0    0    
280    5.210389965057649    0    0    0    0    0    0    0    
281    5.462471755451267    0    0    0    0    0    0    0    
282    5.53254577878453    0    0    0    0    0    0    0    
283    5.216319260730756    0    0    0    0    0    0    0    
284    5.768440582609442    0    0    0    0    0    0    0    
285    5.405804488833342    0    0    0    0    0    0    0    
286    5.277468987368274    0    0    0    0    0    0    0    
287    4.964596035832125    0    0    0    0    0    0    0    
288    4.956844664213985    0    0    0    0    0    0    0    
289    5.440409908917317    0    0    0    0    0    0    0    
290    5.246210423359895    0    0    0    0    0    0    0    
291    5.43662452869805    0    0    0    0    0    0    0    
292    4.933520959249702    0    0    0    0    0    0    0    
293    5.233291382184297    0    0    0    0    0    0    0    
294    5.393166055628883    0    0    0    0    0    0    0    
295    5.794813616189136    0    0    0    0    0    0    0    
296    5.142882679281555    0    0    0    0    0    0    0    
297    5.594625597548099    0    0    0    0    0    0    0    
298    5.518334109229334    0    0    0    0    0    0    0    
299    5.609503942154862    0    0    0    0    0    0    0    
300    5.374633290845099    0    0    0    0    0    0    0    
301    5.4227822640287595    0    0    0    0    0    0    0    
302    4.986340523360607    0    0    0    0    0    0    0    
303    5.426764055095691    0    0    0    0    0    0    0    
304    5.17827352069963    0    0    0    0    0    0    0    
305    5.4224623227236775    0    0    0    0    0    0    0    
306    5.709969254123404    0    0    0    0    0    0    0    
307    5.047212183933377    0    0    0    0    0    0    0    
308    5.894753045400073    0    0    0    0    0    0    0    
309    5.600552170590859    0    0    0    0    0    0    0    
310    5.144313069261126    0    0    0    0    0    0    0    
311    5.326906768670187    0    0    0    0    0    0    0    
312    5.408657738219391    0    0    0    0    0    0    0    
313    5.446988352327185    0    0    0    0    0    0    0    
314    5.394735162547333    0    0    0    0    0    0    0    
315    5.139669087335073    0    0    0    0    0    0    0    
316    5.139547350263561    0    0    0    0    0    0    0    
317    5.779651595830508    0    0    0    0    0    0    0    
318    5.346005889893437    0    0    0    0    0    0    0    
319    5.27068742600625    0    0    0    0    0    0    0    
320    4.908232255853807    0    0    0    0    0    0    0    
321    5.164724884280722    0    0    0    0    0    0    0    
322    5.534174912128535    0    0    0    0    0    0    0    
323    5.575251796067904    0    0    0    0    0    0    0    
324    5.35932929084056    0    0    0    0    0    0    0    
325    5.306451383998448    0    0    0    0    0    0    0    
326    5.013103945324492    0    0    0    0    0    0    0    
327    5.334551681296351    0    0    0    0    0    0    0    
328    4.865970758515439    0    0    0    0    0    0    0    
329    5.600392128260384    0    0    0    0    0    0    0    
330    5.026599308345884    0    0    0    0    0    0    0    
331    4.922535703593843    0    0    0    0    0    0    0    
332    5.204785158509005    0    0    0    0    0    0    0    
333    4.9722612227582115    0    0    0    0    0    0    0    
334    5.473566185469162    0    0    0    0    0    0    0    
335    5.466476927667394    0    0    0    0    0    0    0    
336    5.49404120808623    0    0    0    0    0    0    0    
337    5.160111119943713    0    0    0    0    0    0    0    
338    4.823368426570507    0    0    0    0    0    0    0    
339    5.483733397260195    0    0    0    0    0    0    0    
340    5.5807996359656995    0    0    0    0    0    0    0    
341    5.68149545052668    0    0    0    0    0    0    0    
342    5.371180386450053    0    0    0    0    0    0    0    
343    5.366514898215988    0    0    0    0    0    0    0    
344    5.572777573722738    0    0    0    0    0    0    0    
345    5.700465079692297    0    0    0    0    0    0    0    
346    5.4373420307187645    0    0    0    0    0    0    0    
347    5.7117200890774775    0    0    0    0    0    0    0    
348    5.159202501705431    0    0    0    0    0    0    0    
349    5.538731121840714    0    0    0    0    0    0    0    
350    5.322341729067055    0    0    0    0    0    0    0    
351    5.211507041605126    0    0    0    0    0    0    0    
352    5.586737278087245    0    0    0    0    0    0    0    
353    5.219486619776804    0    0    0    0    0    0    0    
354    5.246218030835824    0    0    0    0    0    0    0    
355    5.379024502875053    0    0    0    0    0    0    0    
356    5.825247192239679    0    0    0    0    0    0    0    
357    5.257939351607955    0    0    0    0    0    0    0    
358    5.652996866697454    0    0    0    0    0    0    0    
359    5.039073896836264    0    0    0    0    0    0    0    
360    5.434445245399099    0    0    0    0    0    0    0    
361    5.205807454095093    0    0    0    0    0    0    0    
362    5.496386162011816    0    0    0    0    0    0    0    
363    5.07206623996967    0    0    0    0    0    0    0    
364    5.106235687361701    0    0    0    0    0    0    0    
365    5.453901496441226    0    0    0    0    0    0    0    
366    5.392433584604208    0    0    0    0    0    0    0    
367    5.7012484952643    0    0    0    0    0    0    0    
368    5.368122117494255    0    0    0    0    0    0    0    
369    5.470286833854872    0    0    0    0    0    0    0    
370    5.720930486584898    0    0    0    0    0    0    0    
371    5.19035313390561    0    0    0    0    0    0    0    
372    5.12231644038038    0    0    0    0    0    0    0    
373    5.642125417617529    0    0    0    0    0    0    0    
374    5.597994355391545    0    0    0    0    0    0    0    
375    5.696064983077601    0    0    0    0    0    0    0    
376    5.11906429759016    0    0    0    0    0    0    0    
377    5.256985026632495    0    0    0    0    0    0    0    
378    5.233002632447023    0    0    0    0    0    0    0    
379    5.698200691441578    0    0    0    0    0    0    0    
380    5.117017029665461    0    0    0    0    0    0    0    
381    5.253635116087615    0    0    0    0    0    0    0    
382    5.402369380090331    0    0    0    0    0    0    0    
383    5.602799577041057    0    0    0    0    0    0    0    
384    5.467750209168762    0    0    0    0    0    0    0    
385    5.218367366637955    0    0    0    0    0    0    0    
386    5.436214080259019    0    0    0    0    0    0    0    
387    5.499258536175328    0    0    0    0    0    0    0    
388    4.912037201134096    0    0    0    0    0    0    0    
389    5.328861004729582    0    0    0    0    0    0    0    
390    5.345852075294037    0    0    0    0    0    0    0    
391    5.274982009765416    0    0    0    0    0    0    0    
392    5.6932979519378994    0    0    0    0    0    0    0    
393    5.120579024825899    0    0    0    0    0    0    0    
394    5.325067947209066    0    0    0    0    0    0    0    
395    5.29482858220825    0    0    0    0    0    0    0    
396    5.4202037095723234    0    0    0    0    0    0    0    
397    5.3221121181471815    0    0    0    0    0    0    0    
398    5.804705014458121    0    0    0    0    0    0    0    
399    5.88499611148597    0    0    0    0    0    0    0    
400    5.343421722530618    0    0    0    0    0    0    0    
401    5.428481039894968    0    0    0    0    0    0    0    
402    5.480875789724765    0    0    0    0    0    0    0    
403    5.510775291754942    0    0    0    0    0    0    0    
404    5.886739252092375    0    0    0    0    0    0    0    
405    5.501210645218733    0    0    0    0    0    0    0    
406    6.0090195839131475    0    0    0    0    0    0    0    
407    5.387946922190378    0    0    0    0    0    0    0    
408    5.526144778259077    0    0    0    0    0    0    0    
409    5.305589109221765    0    0    0    0    0    0    0    
410    5.397064510199805    0    0    0    0    0    0    0    
411    5.450709017777219    0    0    0    0    0    0    0    
412    5.106192075212398    0    0    0    0    0    0    0    
413    5.100292633291452    0    0    0    0    0    0    0    
414    5.789618417911879    0    0    0    0    0    0    0    
415    5.581165226876235    0    0    0    0    0    0    0    
416    5.4808880116973935    0    0    0    0    0    0    0    
417    5.245525769844475    0    0    0    0    0    0    0    
418    4.979146633176928    0    0    0    0    0    0    0    
419    5.1558602223745    0    0    0    0    0    0    0    
420    5.472744508577556    0    0    0    0    0    0    0    
421    5.474544222666985    0    0    0    0    0    0    0    
422    5.252480399531116    0    0    0    0    0    0    0    
423    5.681786989144639    0    0    0    0    0    0    0    
424    5.685285724895242    0    0    0    0    0    0    0    
425    5.352881110969862    0    0    0    0    0    0    0    
426    4.902443991194179    0    0    0    0    0    0    0    
427    5.53586966540344    0    0    0    0    0    0    0    
428    5.437658335165549    0    0    0    0    0    0    0    
429    5.949114889391175    0    0    0    0    0    0    0    
430    5.830689358459349    0    0    0    0    0    0    0    
431    5.329664919062202    0    0    0    0    0    0    0    
432    5.111015166017081    0    0    0    0    0    0    0    
433    5.756268944914439    0    0    0    0    0    0    0    
434    5.685553183463597    0    0    0    0    0    0    0    
435    5.260177862652146    0    0    0    0    0    0    0    
436    5.412988677137327    0    0    0    0    0    0    0    
437    5.384256975015085    0    0    0    0    0    0    0    
438    5.339980617737374    0    0    0    0    0    0    0    
439    5.174292016479475    0    0    0    0    0    0    0    
440    5.373595481425178    0    0    0    0    0    0    0    
441    5.355618996977538    0    0    0    0    0    0    0    
442    5.582552388187638    0    0    0    0    0    0    0    
443    5.611687177469622    0    0    0    0    0    0    0    
444    5.495194113982994    0    0    0    0    0    0    0    
445    5.703077809000638    0    0    0    0    0    0    0    
446    5.207590462956235    0    0    0    0    0    0    0    
447    4.950250114150658    0    0    0    0    0    0    0    
448    5.753155150949439    0    0    0    0    0    0    0    
449    5.337618371094878    0    0    0    0    0    0    0    
450    4.956611744230316    0    0    0    0    0    0    0    
451    5.350023766891386    0    0    0    0    0    0    0    
452    5.441806749245028    0    0    0    0    0    0    0    
453    5.16292717243643    0    0    0    0    0    0    0    
454    5.373494573354329    0    0    0    0    0    0    0    
455    5.701835069307794    0    0    0    0    0    0    0    
456    5.294526881395974    0    0    0    0    0    0    0    
457    5.218814721381083    0    0    0    0    0    0    0    
458    5.615371887304596    0    0    0    0    0    0    0    
459    5.672832442587077    0    0    0    0    0    0    0    
460    5.512504600949245    0    0    0    0    0    0    0    
461    5.697454287578628    0    0    0    0    0    0    0    
462    5.247829144638095    0    0    0    0    0    0    0    
463    5.354736422607725    0    0    0    0    0    0    0    
464    4.974517146209598    0    0    0    0    0    0    0    
465    5.382744670791828    0    0    0    0    0    0    0    
466    5.009818650057658    0    0    0    0    0    0    0    
467    5.509102591963637    0    0    0    0    0    0    0    
468    5.446616383954578    0    0    0    0    0    0    0    
469    5.241662536117263    0    0    0    0    0    0    0    
470    5.911786727693652    0    0    0    0    0    0    0    
471    5.123759562086607    0    0    0    0    0    0    0    
472    5.694917979916911    0    0    0    0    0    0    0    
473    5.259145318467135    0    0    0    0    0    0    0    
474    5.679367377871572    0    0    0    0    0    0    0    
475    5.125066281772698    0    0    0    0    0    0    0    
476    5.495083979016571    0    0    0    0    0    0    0    
477    5.798942524728758    0    0    0    0    0    0    0    
478    5.656682035952199    0    0    0    0    0    0    0    
479    5.279429301740429    0    0    0    0    0    0    0    
480    5.883270575332417    0    0    0    0    0    0    0    
481    5.147589757201771    0    0    0    0    0    0    0    
482    5.2654397114384155    0    0    0    0    0    0    0    
483    5.268714796069137    0    0    0    0    0    0    0    
484    5.337342919094404    0    0    0    0    0    0    0    
485    5.587274373527386    0    0    0    0    0    0    0    
486    5.449143983513734    0    0    0    0    0    0    0    
487    5.2812366892595115    0    0    0    0    0    0    0    
488    5.074718223004367    0    0    0    0    0    0    0    
489    6.083060417942425    0    0    0    0    0    0    0    
490    5.9019782188949526    0    0    0    0    0    0    0    
491    5.5913756271832336    0    0    0    0    0    0    0    
492    5.316659615717498    0    0    0    0    0    0    0    
493    5.309148254423805    0    0    0    0    0    0    0    
494    5.414970829903718    0    0    0    0    0    0    0    
495    5.493897428185307    0    0    0    0    0    0    0    
496    5.43476799604919    0    0    0    0    0    0    0    
497    5.777852003428692    0    0    0    0    0    0    0    
498    5.373170880828539    0    0    0    0    0    0    0    
499    5.710765762873557    0    0    0    0    0    0    0    
500    5.0353848606454115    0    0    0    0    0    0    0    
501    5.397359072107243    0    0    0    0    0    0    0    
502    5.1214043836614    0    0    0    0    0    0    0    
503    5.272189456416344    0    0    0    0    0    0    0    
504    5.340110772999053    0    0    0    0    0    0    0    
505    5.2857308784080805    0    0    0    0    0    0    0    
506    5.4663681983581744    0    0    0    0    0    0    0    
507    5.677587702735107    0    0    0    0    0    0    0    
508    5.696871037687016    0    0    0    0    0    0    0    
509    5.477700080844073    0    0    0    0    0    0    0    
510    5.443698280884007    0    0    0    0    0    0    0    
511    5.431728815510687    0    0    0    0    0    0    0    
512    5.786530070587575    0    0    0    0    0    0    0    
513    5.59185308082175    0    0    0    0    0    0    0    
514    5.459651564433568    0    0    0    0    0    0    0    
515    5.253475521181822    0    0    0    0    0    0    0    
516    5.264516604731637    0    0    0    0    0    0    0    
517    5.401634083257481    0    0    0    0    0    0    0    
518    5.446339990622853    0    0    0    0    0    0    0    
519    5.554060263537446    0    0    0    0    0    0    0    
520    5.200089018557579    0    0    0    0    0    0    0    
521    5.150442119599858    0    0    0    0    0    0    0    
522    5.581093656101692    0    0    0    0    0    0    0    
523    5.503935061923739    0    0    0    0    0    0    0    
524    5.599741143112375    0    0    0    0    0    0    0    
525    5.426967143357622    0    0    0    0    0    0    0    
526    5.396435102696038    0    0    0    0    0    0    0    
527    5.324707069634718    0    0    0    0    0    0    0    
528    5.338234689314881    0    0    0    0    0    0    0    
529    5.397964894519409    0    0    0    0    0    0    0    
530    5.161226086181025    0    0    0    0    0    0    0    
531    5.629173581860317    0    0    0    0    0    0    0    
532    4.872232287548174    0    0    0    0    0    0    0    
533    4.949868564114484    0    0    0    0    0    0    0    
534    4.9006511836551025    0    0    0    0    0    0    0    
535    5.461811413595446    0    0    0    0    0    0    0    
536    5.975409116293654    0    0    0    0    0    0    0    
537    5.313600815807988    0    0    0    0    0    0    0    
538    5.601951235717305    0    0    0    0    0    0    0    
539    5.447047757482944    0    0    0    0    0    0    0    
540    5.6041606774468224    0    0    0    0    0    0    0    
541    5.186621603863487    0    0    0    0    0    0    0    
542    5.540218929364773    0    0    0    0    0    0    0    
543    5.4021565571699615    0    0    0    0    0    0    0    
544    5.7532247227219555    0    0    0    0    0    0    0    
545    5.357474785859135    0    0    0    0    0    0    0    
546    4.942569677450423    0    0    0    0    0    0    0    
547    5.177739077646583    0    0    0    0    0    0    0    
548    5.43102637714003    0    0    0    0    0    0    0    
549    5.584658482519495    0    0    0    0    0    0    0    
550    6.017201418515923    0    0    0    0    0    0    0    
551    5.392884171241425    0    0    0    0    0    0    0    
552    5.306428681007579    0    0    0    0    0    0    0    
553    5.4783332522616925    0    0    0    0    0    0    0    
554    5.143975493907665    0    0    0    0    0    0    0    
555    5.37422874083436    0    0    0    0    0    0    0    
556    5.480412944325782    0    0    0    0    0    0    0    
557    5.223328540978079    0    0    0    0    0    0    0    
558    5.339992944225628    0    0    0    0    0    0    0    
559    5.2439683582774155    0    0    0    0    0    0    0    
560    5.384962898370431    0    0    0    0    0    0    0    
561    5.726130114168666    0    0    0    0    0    0    0    
562    5.536557569654998    0    0    0    0    0    0    0    
563    5.327243803086993    0    0    0    0    0    0    0    
564    5.444932106665431    0    0    0    0    0    0    0    
565    5.392558973013857    0    0    0    0    0    0    0    
566    5.185839373506958    0    0    0    0    0    0    0    
567    5.580952680037588    0    0    0    0    0    0    0    
568    5.198846847238718    0    0    0    0    0    0    0    
569    5.81677968728965    0    0    0    0    0    0    0    
570    5.1760597789636105    0    0    0    0    0    0    0    
571    5.420388075093552    0    0    0    0    0    0    0    
572    5.073531202726878    0    0    0    0    0    0    0    
573    5.250598250815328    0    0    0    0    0    0    0    
574    5.387128577523673    0    0    0    0    0    0    0    
575    5.643233592653823    0    0    0    0    0    0    0    
576    5.36777390383589    0    0    0    0    0    0    0    
577    5.338627024564342    0    0    0    0    0    0    0    
578    5.448203878729463    0    0    0    0    0    0    0    
579    5.597403783377301    0    0    0    0    0    0    0    
580    5.171112975541864    0    0    0    0    0    0    0    
581    5.237034925757962    0    0    0    0    0    0    0    
582    5.388664432906364    0    0    0    0    0    0    0    
583    5.325321274869718    0    0    0    0    0    0    0    
584    5.426746976704055    0    0    0    0    0    0    0    
585    5.574009876311325    0    0    0    0    0    0    0    
586    5.438138569025493    0    0    0    0    0    0    0    
587    5.500734266082375    0    0    0    0    0    0    0    
588    5.137575987042282    0    0    0    0    0    0    0    
589    5.426984718059178    0    0    0    0    0    0    0    
590    5.473657391079707    0    0    0    0    0    0    0    
591    5.051833723138183    0    0    0    0    0    0    0    
592    5.362003615412574    0    0    0    0    0    0    0    
593    5.643390948219407    0    0    0    0    0    0    0    
594    5.276899168787    0    0    0    0    0    0    0    
595    5.614617654453457    0    0    0    0    0    0    0    
596    5.349277430280686    0    0    0    0    0    0    0    
597    5.179562545440429    0    0    0    0    0    0    0    
598    5.5591870426612005    0    0    0    0    0    0    0    
599    5.547360245974605    0    0    0    0    0    0    0    
600    4.84489922547705    0    0    0    0    0    0    0    
601    5.157430793454183    0    0    0    0    0    0    0    
602    5.311317317514415    0    0    0    0    0    0    0    
603    5.399461035010394    0    0    0    0    0    0    0    
604    5.253022040398806    0    0    0    0    0    0    0    
605    5.158251179143036    0    0    0    0    0    0    0    
606    5.408753208309416    0    0    0    0    0    0    0    
607    5.143884609136007    0    0    0    0    0    0    0    
608    5.620721265532261    0    0    0    0    0    0    0    
609    5.359693561494257    0    0    0    0    0    0    0    
610    5.460055436633367    0    0    0    0    0    0    0    
611    5.348815641199062    0    0    0    0    0    0    0    
612    5.763525307195638    0    0    0    0    0    0    0    
613    5.171611739000715    0    0    0    0    0    0    0    
614    5.517230248289616    0    0    0    0    0    0    0    
615    5.3338016405164055    0    0    0    0    0    0    0    
616    5.878187795846984    0    0    0    0    0    0    0    
617    5.0363728954992535    0    0    0    0    0    0    0    
618    5.519745159251786    0    0    0    0    0    0    0    
619    5.2144888354502195    0    0    0    0    0    0    0    
620    5.508094586913938    0    0    0    0    0    0    0    
621    5.59606435279066    0    0    0    0    0    0    0    
622    5.433982657291329    0    0    0    0    0    0    0    
623    5.083352627726213    0    0    0    0    0    0    0    
624    5.321580010673592    0    0    0    0    0    0    0    
625    5.336821583108792    0    0    0    0    0    0    0    
626    5.520699203033188    0    0    0    0    0    0    0    
627    5.623755541388259    0    0    0    0    0    0    0    
628    5.684118818884648    0    0    0    0    0    0    0    
629    5.395496727588215    0    0    0    0    0    0    0    
630    5.294314818667135    0    0    0    0    0    0    0    
631    5.711567651650907    0    0    0    0    0    0    0    
632    5.713389940781111    0    0    0    0    0    0    0    
633    5.130697876342054    0    0    0    0    0    0    0    
634    5.092904898360013    0    0    0    0    0    0    0    
635    5.229072051767847    0    0    0    0    0    0    0    
636    5.518016512445431    0    0    0    0    0    0    0    
637    5.9336588470566    0    0    0    0    0    0    0    
638    5.147606528156041    0    0    0    0    0    0    0    
639    5.732402024059651    0    0    0    0    0    0    0    
640    5.189266937962283    0    0    0    0    0    0    0    
641    6.213214632603549    0    0    0    0    0    0    0    
642    5.343818479979679    0    0    0    0    0    0    0    
643    5.003386576107285    0    0    0    0    0    0    0    
644    5.427117774136173    0    0    0    0    0    0    0    
645    5.022893393907384    0    0    0    0    0    0    0    
646    5.175130312213971    0    0    0    0    0    0    0    
647    5.128539705424381    0    0    0    0    0    0    0    
648    5.4500433225934914    0    0    0    0    0    0    0    
649    5.117171719306243    0    0    0    0    0    0    0    
650    5.710844503042837    0    0    0    0    0    0    0    
651    5.6570016052939565    0    0    0    0    0    0    0    
652    5.100133492073024    0    0    0    0    0    0    0    
653    5.490487810575162    0    0    0    0    0    0    0    
654    5.493989242218962    0    0    0    0    0    0    0    
655    5.12210500813295    0    0    0    0    0    0    0    
656    5.743865563097088    0    0    0    0    0    0    0    
657    5.617316631358835    0    0    0    0    0    0    0    
658    5.530118343134435    0    0    0    0    0    0    0    
659    5.352897723825777    0    0    0    0    0    0    0    