! OpenFAST Deterministic Wind File
#
# Comment lines begin with "!" or "#" or "%", then the data lines must contain the following columns:
#
# If there are only 8 columns, upflow is assumed to be 0.
#
# Parameters are interpolated linearly between time steps; using nearest neighbor before the first time 
# listed in this file and after the last time listed in the file. 
#
! Time     Wind    Wind    Vertical    Horiz.      Pwr.Law     Lin.Vert.   Gust     Upflow
!          Speed   Dir     Speed       Shear       Vert.Shr    Shear       Speed    Angle 
! (sec)    (m/s)   (Deg)   (m/s)                                            (m/s)   (deg)
0    7.6032889908648    0    0    0    0    0    0    0    
1    7.777465230964391    0    0    0    0    0    0    0    
2    7.769068880530617    0    0    0    0    0    0    0    
3    7.891823004034497    0    0    0    0    0    0    0    
4    7.215883693914598    0    0    0    0    0    0    0    
5    7.512975876112025    0    0    0    0    0    0    0    
6    7.5902454995787965    0    0    0    0    0    0    0    
7    7.490440269134223    0    0    0    0    0    0    0    
8    7.908582119755173    0    0    0    0    0    0    0    
9    8.812559386539137    0    0    0    0    0    0    0    
10    6.856899429074417    0    0    0    0    0    0    0    
11    7.596548068051237    0    0    0    0    0    0    0    
12    7.399555079348183    0    0    0    0    0    0    0    
13    8.521495303241256    0    0    0    0    0    0    0    
14    8.405739966433119    0    0    0    0    0    0    0    
15    8.313524731040674    0    0    0    0    0    0    0    
16    6.983313800413602    0    0    0    0    0    0    0    
17    8.208866293289878    0    0    0    0    0    0    0    
18    7.563962407471264    0    0    0    0    0    0    0    
19    7.629895082536936    0    0    0    0    0    0    0    
20    7.621812743903217    0    0    0    0    0    0    0    
21    7.302886385461987    0    0    0    0    0    0    0    
22    7.289046559553483    0    0    0    0    0    0    0    
23    7.674630555728977    0    0    0    0    0    0    0    
24    7.740181062708986    0    0    0    0    0    0    0    
25    7.7667834885546005    0    0    0    0    0    0    0    
26    8.329850291441762    0    0    0    0    0    0    0    
27    7.711648331425081    0    0    0    0    0    0    0    
28    7.550851759676829    0    0    0    0    0    0    0    
29    8.269311781406882    0    0    0    0    0    0    0    
30    7.6717227370418755    0    0    0    0    0    0    0    
31    6.977807105112455    0    0    0    0    0    0    0    
32    7.796526360286713    0    0    0    0    0    0    0    
33    8.291878204322947    0    0    0    0    0    0    0    
34    8.444578032479681    0    0    0    0    0    0    0    
35    7.707177110036898    0    0    0    0    0    0    0    
36    7.220605768919779    0    0    0    0    0    0    0    
37    8.163453974180168    0    0    0    0    0    0    0    
38    7.661689157127047    0    0    0    0    0    0    0    
39    8.415332650385917    0    0    0    0    0    0    0    
40    7.689146718386879    0    0    0    0    0    0    0    
41    7.750542020978469    0    0    0    0    0    0    0    
42    7.511377498341946    0    0    0    0    0    0    0    
43    7.641949783611165    0    0    0    0    0    0    0    
44    8.003374439773902    0    0    0    0    0    0    0    
45    7.645079366242839    0    0    0    0    0    0    0    
46    7.654222342034944    0    0    0    0    0    0    0    
47    8.96422486773395    0    0    0    0    0    0    0    
48    8.254745856032532    0    0    0    0    0    0    0    
49    7.771105805420608    0    0    0    0    0    0    0    
50    8.261317795941471    0    0    0    0    0    0    0    
51    8.143718355899024    0    0    0    0    0    0    0    
52    7.917932404932672    0    0    0    0    0    0    0    
53    7.242462021619106    0    0    0    0    0    0    0    
54    7.673669147693527    0    0    0    0    0    0    0    
55    7.348782748067952    0    0    0    0    0    0    0    
56    7.932770691508011    0    0    0    0    0    0    0    
57    7.209261630226962    0    0    0    0    0    0    0    
58    7.74560317461003    0    0    0    0    0    0    0    
59    7.729290358040423    0    0    0    0    0    0    0    
60    7.951870322170846    0    0    0    0    0    0    0    
61    7.966068605424883    0    0    0    0    0    0    0    
62    8.179067395862177    0    0    0    0    0    0    0    
63    7.332636140222626    0    0    0    0    0    0    0    
64    7.345943721936548    0    0    0    0    0    0    0    
65    7.633311957423038    0    0    0    0    0    0    0    
66    7.779376178965607    0    0    0    0    0    0    0    
67    7.625879389508949    0    0    0    0    0    0    0    
68    8.260615716100084    0    0    0    0    0    0    0    
69    8.010985668716225    0    0    0    0    0    0    0    
70    7.659079241161918    0    0    0    0    0    0    0    
71    8.489268453186387    0    0    0    0    0    0    0    
72    7.581006952413503    0    0    0    0    0    0    0    
73    8.574750114589841    0    0    0    0    0    0    0    
74    7.775824733712954    0    0    0    0    0    0    0    
75    7.557488395986653    0    0    0    0    0    0    0    
76    7.612393516862129    0    0    0    0    0    0    0    
77    7.106062744123766    0    0    0    0    0    0    0    
78    8.14790884787558    0    0    0    0    0    0    0    
79    6.403413065563372    0    0    0    0    0    0    0    
80    6.474271144894475    0    0    0    0    0    0    0    
81    8.681714949497616    0    0    0    0    0    0    0    
82    7.863581104102122    0    0    0    0    0    0    0    
83    7.18615920788414    0    0    0    0    0    0    0    
84    7.401185095818856    0    0    0    0    0    0    0    
85    7.6338733246642185    0    0    0    0    0    0    0    
86    8.077075003611446    0    0    0    0    0    0    0    
87    8.362385238001307    0    0    0    0    0    0    0    
88    7.183687482665662    0    0    0    0    0    0    0    
89    8.165333782881582    0    0    0    0    0    0    0    
90    7.741605228910867    0    0    0    0    0    0    0    
91    6.90659816196043    0    0    0    0    0    0    0    
92    7.954702056738258    0    0    0    0    0    0    0    
93    8.616493245359935    0    0    0    0    0    0    0    
94    7.140279885797727    0    0    0    0    0    0    0    
95    7.147856460579262    0    0    0    0    0    0    0    
96    7.255279514813005    0    0    0    0    0    0    0    
97    7.885085124887125    0    0    0    0    0    0    0    
98    7.947665171815561    0    0    0    0    0    0    0    
99    7.055185645187891    0    0    0    0    0    0    0    
100    8.09204668225606    0    0    0    0    0    0    0    
101    8.076484779731388    0    0    0    0    0    0    0    
102    7.372536264447878    0    0    0    0    0    0    0    
103    7.165671498352591    0    0    0    0    0    0    0    
104    7.800611207800798    0    0    0    0    0    0    0    
105    7.092613049855751    0    0    0    0    0    0    0    
106    7.1916160410341305    0    0    0    0    0    0    0    
107    7.796981474926817    0    0    0    0    0    0    0    
108    7.8670849390420035    0    0    0    0    0    0    0    
109    7.546628839831071    0    0    0    0    0    0    0    
110    7.906582962887289    0    0    0    0    0    0    0    
111    7.206017392924703    0    0    0    0    0    0    0    
112    7.879485684582004    0    0    0    0    0    0    0    
113    7.754744422833604    0    0    0    0    0    0    0    
114    7.176202504986652    0    0    0    0    0    0    0    
115    7.217356467276377    0    0    0    0    0    0    0    
116    7.5507124475138845    0    0    0    0    0    0    0    
117    8.469041509256247    0    0    0    0    0    0    0    
118    6.957235713548192    0    0    0    0    0    0    0    
119    7.837901583018083    0    0    0    0    0    0    0    
120    8.072017822633361    0    0    0    0    0    0    0    
121    7.957015089794208    0    0    0    0    0    0    0    
122    7.267953802238836    0    0    0    0    0    0    0    
123    8.243365203154745    0    0    0    0    0    0    0    
124    6.922649223109731    0    0    0    0    0    0    0    
125    8.003859444772305    0    0    0    0    0    0    0    
126    7.666508100818626    0    0    0    0    0    0    0    
127    8.464456101623506    0    0    0    0    0    0    0    
128    6.882337214113133    0    0    0    0    0    0    0    
129    8.141179372087691    0    0    0    0    0    0    0    
130    7.739723378121565    0    0    0    0    0    0    0    
131    8.260499092982526    0    0    0    0    0    0    0    
132    8.109237882152815    0    0    0    0    0    0    0    
133    7.538230512537028    0    0    0    0    0    0    0    
134    7.988090062143315    0    0    0    0    0    0    0    
135    7.735322221826107    0    0    0    0    0    0    0    
136    8.21439021358908    0    0    0    0    0    0    0    
137    7.5581676839821155    0    0    0    0    0    0    0    
138    7.663874462290359    0    0    0    0    0    0    0    
139    7.817800404712599    0    0    0    0    0    0    0    
140    6.624130652548579    0    0    0    0    0    0    0    
141    7.506006019489666    0    0    0    0    0    0    0    
142    8.51037261427286    0    0    0    0    0    0    0    
143    7.471874898872698    0    0    0    0    0    0    0    
144    7.781963222912707    0    0    0    0    0    0    0    
145    7.514247254340415    0    0    0    0    0    0    0    
146    8.777429781845598    0    0    0    0    0    0    0    
147    6.502436368389559    0    0    0    0    0    0    0    
148    7.540939027646154    0    0    0    0    0    0    0    
149    8.228893084816198    0    0    0    0    0    0    0    
150    8.039507023815828    0    0    0    0    0    0    0    
151    7.570842429295546    0    0    0    0    0    0    0    
152    7.641884930042124    0    0    0    0    0    0    0    
153    7.891866245413039    0    0    0    0    0    0    0    
154    8.003069538332742    0    0    0    0    0    0    0    
155    8.390970729499697    0    0    0    0    0    0    0    
156    8.460111883969722    0    0    0    0    0    0    0    
157    7.864890752782309    0    0    0    0    0    0    0    
158    7.119488920132278    0    0    0    0    0    0    0    
159    7.949087595296416    0    0    0    0    0    0    0    
160    7.55318200809377    0    0    0    0    0    0    0    
161    6.995650886640954    0    0    0    0    0    0    0    
162    7.18372043234434    0    0    0    0    0    0    0    
163    7.623106056928263    0    0    0    0    0    0    0    
164    8.241889712659788    0    0    0    0    0    0    0    
165    8.066138231330056    0    0    0    0    0    0    0    
166    8.388227529983642    0    0    0    0    0    0    0    
167    7.895216888346371    0    0    0    0    0    0    0    
168    6.651749763592551    0    0    0    0    0    0    0    
169    8.493769482626531    0    0    0    0    0    0    0    
170    8.452519649384723    0    0    0    0    0    0    0    
171    6.930228641545836    0    0    0    0    0    0    0    
172    7.272641350492836    0    0    0    0    0    0    0    
173    7.255831409116024    0    0    0    0    0    0    0    
174    7.652109564234844    0    0    0    0    0    0    0    
175    8.573260613891101    0    0    0    0    0    0    0    
176    7.570505072714438    0    0    0    0    0    0    0    
177    7.990039129899286    0    0    0    0    0    0    0    
178    7.140413957527248    0    0    0    0    0    0    0    
179    7.583959690807435    0    0    0    0    0    0    0    
180    7.288752056249428    0    0    0    0    0    0    0    
181    7.392864822783637    0    0    0    0    0    0    0    
182    7.284047521723097    0    0    0    0    0    0    0    
183    8.072678859381554    0    0    0    0    0    0    0    
184    7.491247680780365    0    0    0    0    0    0    0    
185    7.338886638084904    0    0    0    0    0    0    0    
186    7.72628984680443    0    0    0    0    0    0    0    
187    8.291910885284485    0    0    0    0    0    0    0    
188    8.38837037825711    0    0    0    0    0    0    0    
189    7.767381999258557    0    0    0    0    0    0    0    
190    7.453610545047373    0    0    0    0    0    0    0    
191    7.186956491701079    0    0    0    0    0    0    0    
192    7.092137211033934    0    0    0    0    0    0    0    
193    7.796232894630847    0    0    0    0    0    0    0    
194    7.754462991809912    0    0    0    0    0    0    0    
195    7.9657470243590875    0    0    0    0    0    0    0    
196    7.757757739074897    0    0    0    0    0    0    0    
197    7.413554267972225    0    0    0    0    0    0    0    
198    7.511045699313679    0    0    0    0    0    0    0    
199    8.120932406047856    0    0    0    0    0    0    0    
200    7.545501725838443    0    0    0    0    0    0    0    
201    6.865119847375409    0    0    0    0    0    0    0    
202    7.11544252744323    0    0    0    0    0    0    0    
203    7.679965163750002    0    0    0    0    0    0    0    
204    7.2515261663680555    0    0    0    0    0    0    0    
205    7.428463045902916    0    0    0    0    0    0    0    
206    7.3650438042190425    0    0    0    0    0    0    0    
207    7.131363278255478    0    0    0    0    0    0    0    
208    7.484934338178684    0    0    0    0    0    0    0    
209    7.463315735259276    0    0    0    0    0    0    0    
210    7.4562376690264065    0    0    0    0    0    0    0    
211    7.620054675186021    0    0    0    0    0    0    0    
212    7.660661126031844    0    0    0    0    0    0    0    
213    6.8661635281044555    0    0    0    0    0    0    0    
214    8.546712501433927    0    0    0    0    0    0    0    
215    7.472985693196847    0    0    0    0    0    0    0    
216    7.330875184336529    0    0    0    0    0    0    0    
217    8.007893529715705    0    0    0    0    0    0    0    
218    7.017646799754603    0    0    0    0    0    0    0    
219    6.810646213104832    0    0    0    0    0    0    0    
220    6.678711187551359    0    0    0    0    0    0    0    
221    7.398638246947195    0    0    0    0    0    0    0    
222    7.448700757927787    0    0    0    0    0    0    0    
223    7.8936240918175224    0    0    0    0    0    0    0    
224    7.325673045264202    0    0    0    0    0    0    0    
225    8.054350530792485    0    0    0    0    0    0    0    
226    7.877928010483077    0    0    0    0    0    0    0    
227    6.9093770472178875    0    0    0    0    0    0    0    
228    7.762394574632555    0    0    0    0    0    0    0    
229    8.423912691457447    0    0    0    0    0    0    0    
230    7.8485759328523255    0    0    0    0    0    0    0    
231    7.7551442383991125    0    0    0    0    0    0    0    
232    8.014589948751736    0    0    0    0    0    0    0    
233    8.079860326146598    0    0    0    0    0    0    0    
234    7.345395676563913    0    0    0    0    0    0    0    
235    7.1514810751306195    0    0    0    0    0    0    0    
236    7.465018880308376    0    0    0    0    0    0    0    
237    7.945746463559838    0    0    0    0    0    0    0    
238    8.011538060130981    0    0    0    0    0    0    0    
239    7.670039015222639    0    0    0    0    0    0    0    
240    7.192012057436528    0    0    0    0    0    0    0    
241    7.727662011153802    0    0    0    0    0    0    0    
242    7.2982901951531804    0    0    0    0    0    0    0    
243    6.986390601053638    0    0    0    0    0    0    0    
244    7.255763971999601    0    0    0    0    0    0    0    
245    8.42708228381644    0    0    0    0    0    0    0    
246    8.18807197186262    0    0    0    0    0    0    0    
247    7.8817620229479415    0    0    0    0    0    0    0    
248    8.205488465209305    0    0    0    0    0    0    0    
249    7.113382330831644    0    0    0    0    0    0    0    
250    7.02988714250745    0    0    0    0    0    0    0    
251    7.637838991777462    0    0    0    0    0    0    0    
252    7.6588764759214305    0    0    0    0    0    0    0    
253    8.022220415398257    0    0    0    0    0    0    0    
254    8.05446905787798    0    0    0    0    0    0    0    
255    7.415861469909328    0    0    0    0    0    0    0    
256    8.78407831719034    0    0    0    0    0    0    0    
257    7.532551468341087    0    0    0    0    0    0    0    
258    8.02462042865654    0    0    0    0    0    0    0    
259    6.876134323534112    0    0    0    0    0    0    0    
260    7.149563817536043    0    0    0    0    0    0    0    
261    7.462903746924681    0    0    0    0    0    0    0    
262    7.984213817099528    0    0    0    0    0    0    0    
263    8.643893693444259    0    0    0    0    0    0    0    
264    8.138163643433375    0    0    0    0    0    0    0    
265    6.590213044430666    0    0    0    0    0    0    0    
266    7.8974839435336035    0    0    0    0    0    0    0    
267    7.038350952596849    0    0    0    0    0    0    0    
268    7.295865284206531    0    0    0    0    0    0    0    
269    8.101923208818329    0    0    0    0    0    0    0    
270    6.68331625453836    0    0    0    0    0    0    0    
271    7.641949247704934    0    0    0    0    0    0    0    
272    7.212105828349256    0    0    0    0    0    0    0    
273    8.183274012145448    0    0    0    0    0    0    0    
274    7.377450850450863    0    0    0    0    0    0    0    
275    7.420788656225378    0    0    0    0    0    0    0    
276    7.679239904545151    0    0    0    0    0    0    0    
277    8.097456472398292    0    0    0    0    0    0    0    
278    7.596680907263019    0    0    0    0    0    0    0    
279    6.9832011083006735    0    0    0    0    0    0    0    
280    7.800421480562635    0    0    0    0    0    0    0    
281    7.690806776439855    0    0    0    0    0    0    0    
282    7.500495775827417    0    0    0    0    0    0    0    
283    7.258636366987845    0    0    0    0    0    0    0    
284    7.533424338242793    0    0    0    0    0    0    0    
285    7.72836367958771    0    0    0    0    0    0    0    
286    8.329686170403482    0    0    0    0    0    0    0    
287    7.9612765910119805    0    0    0    0    0    0    0    
288    7.715515057266913    0    0    0    0    0    0    0    
289    7.8440239467025075    0    0    0    0    0    0    0    
290    7.5010977387124065    0    0    0    0    0    0    0    
291    6.993706317105179    0    0    0    0    0    0    0    
292    7.551419115410982    0    0    0    0    0    0    0    
293    7.672554093956428    0    0    0    0    0    0    0    
294    7.35485006505885    0    0    0    0    0    0    0    
295    7.70905347586736    0    0    0    0    0    0    0    
296    6.8748531119775595    0    0    0    0    0    0    0    
297    7.4061725251768875    0    0    0    0    0    0    0    
298    7.938695355612639    0    0    0    0    0    0    0    
299    7.5389278618564735    0    0    0    0    0    0    0    
300    8.018516208206051    0    0    0    0    0    0    0    
301    8.0544475055912    0    0    0    0    0    0    0    
302    8.232581645749123    0    0    0    0    0    0    0    
303    7.537277982162586    0    0    0    0    0    0    0    
304    7.516200013048108    0    0    0    0    0    0    0    
305    7.5937835951780075    0    0    0    0    0    0    0    
306    8.09185637690769    0    0    0    0    0    0    0    
307    7.153772699916443    0    0    0    0    0    0    0    
308    7.972958499136459    0    0    0    0    0    0    0    
309    7.238591770834004    0    0    0    0    0    0    0    
310    7.970043150242482    0    0    0    0    0    0    0    
311    7.999197629227783    0    0    0    0    0    0    0    
312    7.480648938078909    0    0    0    0    0    0    0    
313    7.406883547841393    0    0    0    0    0    0    0    
314    7.657987053452557    0    0    0    0    0    0    0    
315    7.385053940406248    0    0    0    0    0    0    0    
316    7.754811767858851    0    0    0    0    0    0    0    
317    7.3350321888969425    0    0    0    0    0    0    0    
318    7.737712453131233    0    0    0    0    0    0    0    
319    7.632316862611445    0    0    0    0    0    0    0    
320    7.9630117126154625    0    0    0    0    0    0    0    
321    7.668694109316796    0    0    0    0    0    0    0    
322    7.324074557212946    0    0    0    0    0    0    0    
323    8.458117194442625    0    0    0    0    0    0    0    
324    7.826294364541097    0    0    0    0    0    0    0    
325    7.275093300423065    0    0    0    0    0    0    0    
326    7.677361546515642    0    0    0    0    0    0    0    
327    7.624748313115952    0    0    0    0    0    0    0    
328    7.24516634196268    0    0    0    0    0    0    0    
329    8.064145496705656    0    0    0    0    0    0    0    
330    7.5782142313168634    0    0    0    0    0    0    0    
331    8.49454840749653    0    0    0    0    0    0    0    
332    7.671507090089462    0    0    0    0    0    0    0    
333    7.517877088014001    0    0    0    0    0    0    0    
334    7.133775129634369    0    0    0    0    0    0    0    
335    6.933704645571966    0    0    0    0    0    0    0    
336    8.11714149787878    0    0    0    0    0    0    0    
337    7.756250779971255    0    0    0    0    0    0    0    
338    8.176428175595106    0    0    0    0    0    0    0    
339    7.527984816460688    0    0    0    0    0    0    0    
340    7.380790238975569    0    0    0    0    0    0    0    
341    7.804348213018953    0    0    0    0    0    0    0    
342    7.873016397669331    0    0    0    0    0    0    0    
343    8.171469651391178    0    0    0    0    0    0    0    
344    8.58295656466115    0    0    0    0    0    0    0    
345    8.294028440292621    0    0    0    0    0    0    0    
346    6.635779641010178    0    0    0    0    0    0    0    
347    7.571696713936494    0    0    0    0    0    0    0    
348    6.818179194618937    0    0    0    0    0    0    0    
349    8.828044459819143    0    0    0    0    0    0    0    
350    7.651092173845802    0    0    0    0    0    0    0    
351    6.87529593562161    0    0    0    0    0    0    0    
352    8.00715209831239    0    0    0    0    0    0    0    
353    7.971117274571409    0    0    0    0    0    0    0    
354    6.758842211782508    0    0    0    0    0    0    0    
355    7.772881140047968    0    0    0    0    0    0    0    
356    7.564188035974238    0    0    0    0    0    0    0    
357    7.658348917540007    0    0    0    0    0    0    0    
358    8.541531379361517    0    0    0    0    0    0    0    
359    7.769231150529412    0    0    0    0    0    0    0    
360    7.365851691221202    0    0    0    0    0    0    0    
361    8.072063055223989    0    0    0    0    0    0    0    
362    7.421995589839162    0    0    0    0    0    0    0    
363    7.152209273438279    0    0    0    0    0    0    0    
364    7.907058215363655    0    0    0    0    0    0    0    
365    7.5750688375858575    0    0    0    0    0    0    0    
366    7.787428543257466    0    0    0    0    0    0    0    
367    7.535161574700158    0    0    0    0    0    0    0    
368    7.97429903762975    0    0    0    0    0    0    0    
369    7.235668933334059    0    0    0    0    0    0    0    
370    7.68823074660693    0    0    0    0    0    0    0    
371    7.469591835845938    0    0    0    0    0    0    0    
372    7.060951032554402    0    0    0    0    0    0    0    
373    7.369042816144156    0    0    0    0    0    0    0    
374    7.05014645898886    0    0    0    0    0    0    0    
375    8.84460920274267    0    0    0    0    0    0    0    
376    7.782949176178493    0    0    0    0    0    0    0    
377    7.758038533183243    0    0    0    0    0    0    0    
378    7.511497457753391    0    0    0    0    0    0    0    
379    7.718509076506049    0    0    0    0    0    0    0    
380    7.354426333327885    0    0    0    0    0    0    0    
381    8.10634587031863    0    0    0    0    0    0    0    
382    7.343333410666482    0    0    0    0    0    0    0    
383    7.292642081998855    0    0    0    0    0    0    0    
384    8.584337263979295    0    0    0    0    0    0    0    
385    7.519223549091928    0    0    0    0    0    0    0    
386    7.4375281453895425    0    0    0    0    0    0    0    
387    7.140654872749339    0    0    0    0    0    0    0    
388    7.979697568352217    0    0    0    0    0    0    0    
389    7.250191968780319    0    0    0    0    0    0    0    
390    7.238551080564797    0    0    0    0    0    0    0    
391    6.930466968543802    0    0    0    0    0    0    0    
392    8.389983429549288    0    0    0    0    0    0    0    
393    7.62998266252102    0    0    0    0    0    0    0    
394    8.090828462806924    0    0    0    0    0    0    0    
395    7.142854103615646    0    0    0    0    0    0    0    
396    7.389754490379772    0    0    0    0    0    0    0    
397    7.712789563479573    0    0    0    0    0    0    0    
398    8.114450897507554    0    0    0    0    0    0    0    
399    7.3399163576308375    0    0    0    0    0    0    0    
400    8.087527456368242    0    0    0    0    0    0    0    
401    7.891842531927034    0    0    0    0    0    0    0    
402    7.718705239354359    0    0    0    0    0    0    0    
403    7.950368803800654    0    0    0    0    0    0    0    
404    8.188609938932016    0    0    0    0    0    0    0    
405    8.579041243299843    0    0    0    0    0    0    0    
406    7.395723841024622    0    0    0    0    0    0    0    
407    8.59805392105782    0    0    0    0    0    0    0    
408    7.1734010518566285    0    0    0    0    0    0    0    
409    7.763270742356551    0    0    0    0    0    0    0    
410    7.348900605596428    0    0    0    0    0    0    0    
411    8.189071534257778    0    0    0    0    0    0    0    
412    7.77945199474404    0    0    0    0    0    0    0    
413    7.824034112384815    0    0    0    0    0    0    0    
414    8.520015373425178    0    0    0    0    0    0    0    
415    7.973422954793697    0    0    0    0    0    0    0    
416    7.863868151221105    0    0    0    0    0    0    0    
417    7.9364929222156215    0    0    0    0    0    0    0    
418    8.305709956547755    0    0    0    0    0    0    0    
419    7.142879730798423    0    0    0    0    0    0    0    
420    8.46298920297432    0    0    0    0    0    0    0    
421    7.249712602960327    0    0    0    0    0    0    0    
422    7.523333553824204    0    0    0    0    0    0    0    
423    7.647983342350344    0    0    0    0    0    0    0    
424    8.671397647031373    0    0    0    0    0    0    0    
425    7.854107098347814    0    0    0    0    0    0    0    
426    8.270686253918626    0    0    0    0    0    0    0    
427    7.75484255781335    0    0    0    0    0    0    0    
428    8.258855640203105    0    0    0    0    0    0    0    
429    7.989012965804215    0    0    0    0    0    0    0    
430    6.876140942686809    0    0    0    0    0    0    0    
431    7.589730402566401    0    0    0    0    0    0    0    
432    7.914694892848901    0    0    0    0    0    0    0    
433    7.85423030090498    0    0    0    0    0    0    0    
434    8.372600488801483    0    0    0    0    0    0    0    
435    8.064846716670528    0    0    0    0    0    0    0    
436    8.320183742448638    0    0    0    0    0    0    0    
437    7.895638951467406    0    0    0    0    0    0    0    
438    7.719364287404694    0    0    0    0    0    0    0    
439    7.910490102993046    0    0    0    0    0    0    0    
440    7.831740420204021    0    0    0    0    0    0    0    
441    7.124561260409903    0    0    0    0    0    0    0    
442    7.579260666201645    0    0    0    0    0    0    0    
443    7.902446226311062    0    0    0    0    0    0    0    
444    7.110591669698356    0    0    0    0    0    0    0    
445    8.220174553841263    0    0    0    0    0    0    0    
446    7.702152173219932    0    0    0    0    0    0    0    
447    7.4991711919691495    0    0    0    0    0    0    0    
448    7.823620506976984    0    0    0    0    0    0    0    
449    8.224793030707145    0    0    0    0    0    0    0    
450    7.815265522802671    0    0    0    0    0    0    0    
451    7.882790290926735    0    0    0    0    0    0    0    
452    7.974561203524047    0    0    0    0    0    0    0    
453    7.365646183476199    0    0    0    0    0    0    0    
454    7.593048486515376    0    0    0    0    0    0    0    
455    7.692650366237053    0    0    0    0    0    0    0    
456    7.325239715883907    0    0    0    0    0    0    0    
457    6.919926518604818    0    0    0    0    0    0    0    
458    7.515899819216804    0    0    0    0    0    0    0    
459    6.890011213321628    0    0    0    0    0    0    0    
460    7.367254493477839    0    0    0    0    0    0    0    
461    7.801589286635783    0    0    0    0    0    0    0    
462    8.071219407170636    0    0    0    0    0    0    0    
463    7.363906149541839    0    0    0    0    0    0    0    
464    8.756548914050086    0    0    0    0    0    0    0    
465    6.865625970321958    0    0    0    0    0    0    0    
466    8.641226093561155    0    0    0    0    0    0    0    
467    8.808432600219618    0    0    0    0    0    0    0    
468    7.301851460561267    0    0    0    0    0    0    0    
469    7.9556342028107725    0    0    0    0    0    0    0    
470    8.416763719252502    0    0    0    0    0    0    0    
471    7.781161652393803    0    0    0    0    0    0    0    
472    7.590222712660249    0    0    0    0    0    0    0    
473    6.616492613856476    0    0    0    0    0    0    0    
474    8.676396407208586    0    0    0    0    0    0    0    
475    6.394211068408579    0    0    0    0    0    0    0    
476    8.746854800462666    0    0    0    0    0    0    0    
477    6.598891109451713    0    0    0    0    0    0    0    
478    6.244067746363095    0    0    0    0    0    0    0    
479    7.552054442376602    0    0    0    0    0    0    0    
480    8.177985851501603    0    0    0    0    0    0    0    
481    7.837780668842661    0    0    0    0    0    0    0    
482    7.780372966109607    0    0    0    0    0    0    0    
483    7.364191061787399    0    0    0    0    0    0    0    
484    7.38808634713735    0    0    0    0    0    0    0    
485    7.3499217957648115    0    0    0    0    0    0    0    
486    7.477777761211799    0    0    0    0    0    0    0    
487    7.930226861635157    0    0    0    0    0    0    0    
488    7.549924591064154    0    0    0    0    0    0    0    
489    7.534597718246692    0    0    0    0    0    0    0    
490    7.159760510465942    0    0    0    0    0    0    0    
491    8.019104469958783    0    0    0    0    0    0    0    
492    8.376409126987431    0    0    0    0    0    0    0    
493    7.067474959311319    0    0    0    0    0    0    0    
494    7.0127949986285705    0    0    0    0    0    0    0    
495    7.608993744764048    0    0    0    0    0    0    0    
496    7.409801931810003    0    0    0    0    0    0    0    
497    8.372741686814058    0    0    0    0    0    0    0    
498    7.373465100707314    0    0    0    0    0    0    0    
499    8.11982859273972    0    0    0    0    0    0    0    
500    7.476267827373726    0    0    0    0    0    0    0    
501    7.7570860070440935    0    0    0    0    0    0    0    
502    7.617303923701038    0    0    0    0    0    0    0    
503    7.722092625240994    0    0    0    0    0    0    0    
504    7.794107805186662    0    0    0    0    0    0    0    
505    7.898023579219153    0    0    0    0    0    0    0    
506    7.990943389569274    0    0    0    0    0    0    0    
507    7.499689762504359    0    0    0    0    0    0    0    
508    7.947129064205882    0    0    0    0    0    0    0    
509    7.758609799587547    0    0    0    0    0    0    0    
510    7.548085561492581    0    0    0    0    0    0    0    
511    6.646631480040721    0    0    0    0    0    0    0    
512    8.234069063949349    0    0    0    0    0    0    0    
513    8.559530735854864    0    0    0    0    0    0    0    
514    7.959937318929741    0    0    0    0    0    0    0    
515    7.07827836434037    0    0    0    0    0    0    0    
516    8.019416114586832    0    0    0    0    0    0    0    
517    7.336159993652205    0    0    0    0    0    0    0    
518    8.022792873022794    0    0    0    0    0    0    0    
519    7.6779058281099015    0    0    0    0    0    0    0    
520    7.912953708923686    0    0    0    0    0    0    0    
521    8.085383629271094    0    0    0    0    0    0    0    
522    7.711239159954141    0    0    0    0    0    0    0    
523    6.850831818737045    0    0    0    0    0    0    0    
524    6.982323516475672    0    0    0    0    0    0    0    
525    8.356059212817524    0    0    0    0    0    0    0    
526    8.765230538895786    0    0    0    0    0    0    0    
527    6.886075552163588    0    0    0    0    0    0    0    
528    8.094182986767928    0    0    0    0    0    0    0    
529    7.947389601819714    0    0    0    0    0    0    0    
530    8.042066033726039    0    0    0    0    0    0    0    
531    7.93282973967769    0    0    0    0    0    0    0    
532    8.436782122768411    0    0    0    0    0    0    0    
533    8.51196770054237    0    0    0    0    0    0    0    
534    8.25161568232323    0    0    0    0    0    0    0    
535    6.6740054919728955    0    0    0    0    0    0    0    
536    7.705178802310008    0    0    0    0    0    0    0    
537    8.269283163706012    0    0    0    0    0    0    0    
538    7.092824761656098    0    0    0    0    0    0    0    
539    7.8471793432935675    0    0    0    0    0    0    0    
540    7.400359315148974    0    0    0    0    0    0    0    
541    7.820213452624633    0    0    0    0    0    0    0    
542    7.887106755315177    0    0    0    0    0    0    0    
543    7.501717559825919    0    0    0    0    0    0    0    
544    7.719476091621399    0    0    0    0    0    0    0    
545    6.613287220994423    0    0    0    0    0    0    0    
546    8.24195838832678    0    0    0    0    0    0    0    
547    7.143869759032378    0    0    0    0    0    0    0    
548    7.796720826356061    0    0    0    0    0    0    0    
549    7.479388379107005    0    0    0    0    0    0    0    
550    7.3952997223671995    0    0    0    0    0    0    0    
551    7.228309776671356    0    0    0    0    0    0    0    
552    7.2961576438337925    0    0    0    0    0    0    0    
553    7.697868337972799    0    0    0    0    0    0    0    
554    7.179004583657241    0    0    0    0    0    0    0    
555    7.3069042386757594    0    0    0    0    0    0    0    
556    7.06196160001379    0    0    0    0    0    0    0    
557    7.806592273074769    0    0    0    0    0    0    0    
558    8.050738285067967    0    0    0    0    0    0    0    
559    8.747974800175982    0    0    0    0    0    0    0    
560    7.4948480822396455    0    0    0    0    0    0    0    
561    8.276750507171007    0    0    0    0    0    0    0    
562    8.083222516790498    0    0    0    0    0    0    0    
563    7.442330704080393    0    0    0    0    0    0    0    
564    8.33242298718501    0    0    0    0    0    0    0    
565    6.947740232924277    0    0    0    0    0    0    0    
566    8.420458553079923    0    0    0    0    0    0    0    
567    7.435588543659085    0    0    0    0    0    0    0    
568    7.63509038922857    0    0    0    0    0    0    0    
569    7.8210464417012115    0    0    0    0    0    0    0    
570    7.43510362631417    0    0    0    0    0    0    0    
571    8.23384497084983    0    0    0    0    0    0    0    
572    7.465807051177671    0    0    0    0    0    0    0    
573    7.901516852069195    0    0    0    0    0    0    0    
574    6.5485375368892225    0    0    0    0    0    0    0    
575    8.5900209327631    0    0    0    0    0    0    0    
576    6.9225198440205205    0    0    0    0    0    0    0    
577    7.151640370060322    0    0    0    0    0    0    0    
578    6.704534280801371    0    0    0    0    0    0    0    
579    7.302511822085356    0    0    0    0    0    0    0    
580    7.548564055525938    0    0    0    0    0    0    0    
581    8.056238343616533    0    0    0    0    0    0    0    
582    7.6053247829172435    0    0    0    0    0    0    0    
583    7.752116640766715    0    0    0    0    0    0    0    
584    7.900017545108641    0    0    0    0    0    0    0    
585    7.398988842240549    0    0    0    0    0    0    0    
586    7.2109962107020875    0    0    0    0    0    0    0    
587    7.735984966025654    0    0    0    0    0    0    0    
588    7.209066257853938    0    0    0    0    0    0    0    
589    7.231698457618866    0    0    0    0    0    0    0    
590    7.601170826819638    0    0    0    0    0    0    0    
591    7.194239628631809    0    0    0    0    0    0    0    
592    8.401387965205782    0    0    0    0    0    0    0    
593    7.5308069857257145    0    0    0    0    0    0    0    
594    8.318141321236673    0    0    0    0    0    0    0    
595    7.71530926865197    0    0    0    0    0    0    0    
596    8.47107006770429    0    0    0    0    0    0    0    
597    8.461516447203497    0    0    0    0    0    0    0    
598    7.037218895976636    0    0    0    0    0    0    0    
599    7.215650568467083    0    0    0    0    0    0    0    
600    7.2727949719268405    0    0    0    0    0    0    0    
601    6.932869096111879    0    0    0    0    0    0    0    
602    6.488447150924479    0    0    0    0    0    0    0    
603    7.532055291902293    0    0    0    0    0    0    0    
604    7.9570050860559824    0    0    0    0    0    0    0    
605    7.122085747624426    0    0    0    0    0    0    0    
606    7.617219104175337    0    0    0    0    0    0    0    
607    6.573729233847601    0    0    0    0    0    0    0    
608    7.970592133015113    0    0    0    0    0    0    0    
609    8.280677301243028    0    0    0    0    0    0    0    
610    7.584335434508647    0    0    0    0    0    0    0    
611    7.666083819342816    0    0    0    0    0    0    0    
612    8.093573860335956    0    0    0    0    0    0    0    
613    8.545172767762685    0    0    0    0    0    0    0    
614    7.698583787951108    0    0    0    0    0    0    0    
615    8.16060252332202    0    0    0    0    0    0    0    
616    8.05290932768708    0    0    0    0    0    0    0    
617    8.040114067399962    0    0    0    0    0    0    0    
618    8.435328285822981    0    0    0    0    0    0    0    
619    8.286757900585954    0    0    0    0    0    0    0    
620    7.779354103212679    0    0    0    0    0    0    0    
621    7.37882063412833    0    0    0    0    0    0    0    
622    6.4048497935694275    0    0    0    0    0    0    0    
623    7.8533582827801    0    0    0    0    0    0    0    
624    7.883561865950385    0    0    0    0    0    0    0    
625    8.65378945198151    0    0    0    0    0    0    0    
626    8.095919230730216    0    0    0    0    0    0    0    
627    7.746056224401488    0    0    0    0    0    0    0    
628    7.362157969674399    0    0    0    0    0    0    0    
629    7.577362729792996    0    0    0    0    0    0    0    
630    7.851301351714467    0    0    0    0    0    0    0    
631    7.802051868774839    0    0    0    0    0    0    0    
632    7.96578833725001    0    0    0    0    0    0    0    
633    7.478464780841256    0    0    0    0    0    0    0    
634    9.153323673205081    0    0    0    0    0    0    0    
635    7.807597817893037    0    0    0    0    0    0    0    
636    7.357297910917581    0    0    0    0    0    0    0    
637    8.074536936904753    0    0    0    0    0    0    0    
638    8.234192939696262    0    0    0    0    0    0    0    
639    6.827228012545008    0    0    0    0    0    0    0    
640    7.656335984534655    0    0    0    0    0    0    0    
641    7.988203013117333    0    0    0    0    0    0    0    
642    7.92021917253226    0    0    0    0    0    0    0    
643    7.68339051200261    0    0    0    0    0    0    0    
644    6.599304957019641    0    0    0    0    0    0    0    
645    7.873972242402555    0    0    0    0    0    0    0    
646    7.527974659211391    0    0    0    0    0    0    0    
647    7.403835239532929    0    0    0    0    0    0    0    
648    7.884602828444914    0    0    0    0    0    0    0    
649    7.1878873405759975    0    0    0    0    0    0    0    
650    7.257059796774918    0    0    0    0    0    0    0    
651    7.810249697705633    0    0    0    0    0    0    0    
652    7.9501527339382045    0    0    0    0    0    0    0    
653    7.821440191093852    0    0    0    0    0    0    0    
654    7.422340649033074    0    0    0    0    0    0    0    
655    7.702983414513779    0    0    0    0    0    0    0    
656    8.365338916078617    0    0    0    0    0    0    0    
657    7.547184823541272    0    0    0    0    0    0    0    
658    6.816779152705356    0    0    0    0    0    0    0    
659    7.863993868059576    0    0    0    0    0    0    0    