! OpenFAST Deterministic Wind File
#
# Comment lines begin with "!" or "#" or "%", then the data lines must contain the following columns:
#
# If there are only 8 columns, upflow is assumed to be 0.
#
# Parameters are interpolated linearly between time steps; using nearest neighbor before the first time 
# listed in this file and after the last time listed in the file. 
#
! Time     Wind    Wind    Vertical    Horiz.      Pwr.Law     Lin.Vert.   Gust     Upflow
!          Speed   Dir     Speed       Shear       Vert.Shr    Shear       Speed    Angle 
! (sec)    (m/s)   (Deg)   (m/s)                                            (m/s)   (deg)
0    9.216739058149031    0    0    0    0    0    0    0    
1    9.637293722079276    0    0    0    0    0    0    0    
2    10.313401793052574    0    0    0    0    0    0    0    
3    9.572930724376533    0    0    0    0    0    0    0    
4    9.19919497427217    0    0    0    0    0    0    0    
5    8.971095999359292    0    0    0    0    0    0    0    
6    8.271143584886522    0    0    0    0    0    0    0    
7    9.10983467772054    0    0    0    0    0    0    0    
8    8.2293997655576    0    0    0    0    0    0    0    
9    8.670394058754562    0    0    0    0    0    0    0    
10    9.191418829982284    0    0    0    0    0    0    0    
11    9.328004796396526    0    0    0    0    0    0    0    
12    8.71905898794806    0    0    0    0    0    0    0    
13    9.360206319161469    0    0    0    0    0    0    0    
14    8.851257672787082    0    0    0    0    0    0    0    
15    8.318569731788976    0    0    0    0    0    0    0    
16    8.214247688158707    0    0    0    0    0    0    0    
17    9.286007054103338    0    0    0    0    0    0    0    
18    9.652506641025717    0    0    0    0    0    0    0    
19    8.754805178724443    0    0    0    0    0    0    0    
20    9.478123212595012    0    0    0    0    0    0    0    
21    9.613620699438725    0    0    0    0    0    0    0    
22    9.753281184949003    0    0    0    0    0    0    0    
23    9.39781223166003    0    0    0    0    0    0    0    
24    8.860811981614445    0    0    0    0    0    0    0    
25    8.626364189676366    0    0    0    0    0    0    0    
26    8.231631575066904    0    0    0    0    0    0    0    
27    9.205444508545638    0    0    0    0    0    0    0    
28    9.609669987614643    0    0    0    0    0    0    0    
29    7.655100846944081    0    0    0    0    0    0    0    
30    9.654591335427705    0    0    0    0    0    0    0    
31    8.872209633442948    0    0    0    0    0    0    0    
32    9.02119872507925    0    0    0    0    0    0    0    
33    9.065259694965139    0    0    0    0    0    0    0    
34    8.456715525365635    0    0    0    0    0    0    0    
35    8.797273153985529    0    0    0    0    0    0    0    
36    8.92171450091269    0    0    0    0    0    0    0    
37    9.105131445860135    0    0    0    0    0    0    0    
38    9.660254826574647    0    0    0    0    0    0    0    
39    9.707952640045658    0    0    0    0    0    0    0    
40    8.591364413194679    0    0    0    0    0    0    0    
41    9.684902226723151    0    0    0    0    0    0    0    
42    9.02066229502809    0    0    0    0    0    0    0    
43    8.782769440159226    0    0    0    0    0    0    0    
44    9.001609247746423    0    0    0    0    0    0    0    
45    9.271524691624911    0    0    0    0    0    0    0    
46    8.197094551259248    0    0    0    0    0    0    0    
47    8.094991627463624    0    0    0    0    0    0    0    
48    9.184833242915222    0    0    0    0    0    0    0    
49    8.888552447285639    0    0    0    0    0    0    0    
50    8.664101050679578    0    0    0    0    0    0    0    
51    8.733373801804355    0    0    0    0    0    0    0    
52    8.730853529845463    0    0    0    0    0    0    0    
53    8.290865048370778    0    0    0    0    0    0    0    
54    8.892088426812233    0    0    0    0    0    0    0    
55    8.604732756071353    0    0    0    0    0    0    0    
56    8.410782578032384    0    0    0    0    0    0    0    
57    8.609840204100236    0    0    0    0    0    0    0    
58    9.036464876416165    0    0    0    0    0    0    0    
59    9.318437742984912    0    0    0    0    0    0    0    
60    9.65917975529306    0    0    0    0    0    0    0    
61    9.056252098405384    0    0    0    0    0    0    0    
62    9.09003872403964    0    0    0    0    0    0    0    
63    9.368635661509973    0    0    0    0    0    0    0    
64    9.100792248409942    0    0    0    0    0    0    0    
65    8.743244103680986    0    0    0    0    0    0    0    
66    8.59735532344428    0    0    0    0    0    0    0    
67    9.47882698560992    0    0    0    0    0    0    0    
68    9.699478913902022    0    0    0    0    0    0    0    
69    8.833558660334063    0    0    0    0    0    0    0    
70    8.983241300861904    0    0    0    0    0    0    0    
71    8.897509905512758    0    0    0    0    0    0    0    
72    9.3540604881726    0    0    0    0    0    0    0    
73    7.960055110000161    0    0    0    0    0    0    0    
74    8.821415112977325    0    0    0    0    0    0    0    
75    8.269412536782612    0    0    0    0    0    0    0    
76    8.84260236339199    0    0    0    0    0    0    0    
77    9.357613268446846    0    0    0    0    0    0    0    
78    9.083669161667972    0    0    0    0    0    0    0    
79    9.172488577758694    0    0    0    0    0    0    0    
80    9.49963677324055    0    0    0    0    0    0    0    
81    9.564632229878933    0    0    0    0    0    0    0    
82    8.556864874657611    0    0    0    0    0    0    0    
83    9.12450584804554    0    0    0    0    0    0    0    
84    8.799463597948407    0    0    0    0    0    0    0    
85    9.314776444171999    0    0    0    0    0    0    0    
86    8.769800580932502    0    0    0    0    0    0    0    
87    8.578549875044649    0    0    0    0    0    0    0    
88    9.23434495820762    0    0    0    0    0    0    0    
89    9.567823112831586    0    0    0    0    0    0    0    
90    8.54075058580141    0    0    0    0    0    0    0    
91    7.868491936429393    0    0    0    0    0    0    0    
92    8.575232036593944    0    0    0    0    0    0    0    
93    9.124191038172853    0    0    0    0    0    0    0    
94    9.15147512716394    0    0    0    0    0    0    0    
95    9.034579249157007    0    0    0    0    0    0    0    
96    8.549680679224592    0    0    0    0    0    0    0    
97    8.85126642577181    0    0    0    0    0    0    0    
98    8.7086122007518    0    0    0    0    0    0    0    
99    9.021105477792515    0    0    0    0    0    0    0    
100    8.483381630790138    0    0    0    0    0    0    0    
101    8.975393748377792    0    0    0    0    0    0    0    
102    9.163042969689009    0    0    0    0    0    0    0    
103    8.975897074726266    0    0    0    0    0    0    0    
104    9.069227203503877    0    0    0    0    0    0    0    
105    9.474095224423358    0    0    0    0    0    0    0    
106    9.165389904164961    0    0    0    0    0    0    0    
107    9.21160208907508    0    0    0    0    0    0    0    
108    9.196393087946495    0    0    0    0    0    0    0    
109    9.288935460732567    0    0    0    0    0    0    0    
110    8.666473641563947    0    0    0    0    0    0    0    
111    8.947228615827779    0    0    0    0    0    0    0    
112    8.708569478524588    0    0    0    0    0    0    0    
113    8.505198383052273    0    0    0    0    0    0    0    
114    9.217323698851393    0    0    0    0    0    0    0    
115    9.110941598147539    0    0    0    0    0    0    0    
116    8.576377282253464    0    0    0    0    0    0    0    
117    8.99691163860874    0    0    0    0    0    0    0    
118    8.787127281207377    0    0    0    0    0    0    0    
119    9.052738210523623    0    0    0    0    0    0    0    
120    9.431909095189788    0    0    0    0    0    0    0    
121    8.793868205383136    0    0    0    0    0    0    0    
122    8.363993028280804    0    0    0    0    0    0    0    
123    8.87976624380446    0    0    0    0    0    0    0    
124    8.883657082083406    0    0    0    0    0    0    0    
125    9.095653807448901    0    0    0    0    0    0    0    
126    7.88609838973493    0    0    0    0    0    0    0    
127    8.921508024876388    0    0    0    0    0    0    0    
128    8.944456667257686    0    0    0    0    0    0    0    
129    9.909669891170449    0    0    0    0    0    0    0    
130    7.702563557685348    0    0    0    0    0    0    0    
131    8.806097198376374    0    0    0    0    0    0    0    
132    9.16625556166126    0    0    0    0    0    0    0    
133    8.467175236961655    0    0    0    0    0    0    0    
134    9.071108249203787    0    0    0    0    0    0    0    
135    8.456056665968658    0    0    0    0    0    0    0    
136    9.15426437440204    0    0    0    0    0    0    0    
137    8.515545399292664    0    0    0    0    0    0    0    
138    7.9869557883364255    0    0    0    0    0    0    0    
139    9.893119430611014    0    0    0    0    0    0    0    
140    8.756929640656862    0    0    0    0    0    0    0    
141    9.534372684203888    0    0    0    0    0    0    0    
142    9.676800086696788    0    0    0    0    0    0    0    
143    8.70128593563647    0    0    0    0    0    0    0    
144    8.798442485305863    0    0    0    0    0    0    0    
145    8.782391427235734    0    0    0    0    0    0    0    
146    8.974996873523741    0    0    0    0    0    0    0    
147    9.216174135895958    0    0    0    0    0    0    0    
148    9.026874958667884    0    0    0    0    0    0    0    
149    9.219016196603931    0    0    0    0    0    0    0    
150    9.065883248267456    0    0    0    0    0    0    0    
151    8.265664078614643    0    0    0    0    0    0    0    
152    9.30513643171644    0    0    0    0    0    0    0    
153    9.621326244987731    0    0    0    0    0    0    0    
154    8.95443578863874    0    0    0    0    0    0    0    
155    8.588779036624748    0    0    0    0    0    0    0    
156    9.571162550816455    0    0    0    0    0    0    0    
157    9.488028411286614    0    0    0    0    0    0    0    
158    8.736574236962719    0    0    0    0    0    0    0    
159    8.83756954148618    0    0    0    0    0    0    0    
160    9.311056997179712    0    0    0    0    0    0    0    
161    9.136097729168254    0    0    0    0    0    0    0    
162    9.624332056418053    0    0    0    0    0    0    0    
163    9.5001115892719    0    0    0    0    0    0    0    
164    9.688020524084536    0    0    0    0    0    0    0    
165    9.257227724402137    0    0    0    0    0    0    0    
166    8.879177898637561    0    0    0    0    0    0    0    
167    8.116665226844932    0    0    0    0    0    0    0    
168    9.67116737814208    0    0    0    0    0    0    0    
169    8.214767842039295    0    0    0    0    0    0    0    
170    8.81930824169113    0    0    0    0    0    0    0    
171    9.069368394092333    0    0    0    0    0    0    0    
172    9.49324869143308    0    0    0    0    0    0    0    
173    9.205031589491357    0    0    0    0    0    0    0    
174    9.347997214276784    0    0    0    0    0    0    0    
175    8.407904961827485    0    0    0    0    0    0    0    
176    10.155706165015618    0    0    0    0    0    0    0    
177    8.524810784699456    0    0    0    0    0    0    0    
178    7.920320684192308    0    0    0    0    0    0    0    
179    9.785465168766644    0    0    0    0    0    0    0    
180    8.674868767863254    0    0    0    0    0    0    0    
181    8.903257492064249    0    0    0    0    0    0    0    
182    9.4125271006155    0    0    0    0    0    0    0    
183    8.958211870549844    0    0    0    0    0    0    0    
184    9.011044318393216    0    0    0    0    0    0    0    
185    8.472262690944385    0    0    0    0    0    0    0    
186    8.67342533206744    0    0    0    0    0    0    0    
187    8.569570154460115    0    0    0    0    0    0    0    
188    9.30018387415376    0    0    0    0    0    0    0    
189    8.265728123694966    0    0    0    0    0    0    0    
190    9.073432142439554    0    0    0    0    0    0    0    
191    8.214645976239176    0    0    0    0    0    0    0    
192    9.252907272799131    0    0    0    0    0    0    0    
193    9.025837966781435    0    0    0    0    0    0    0    
194    9.188956334256584    0    0    0    0    0    0    0    
195    8.947308818023236    0    0    0    0    0    0    0    
196    9.69495745116082    0    0    0    0    0    0    0    
197    9.27634107753016    0    0    0    0    0    0    0    
198    9.00323375754924    0    0    0    0    0    0    0    
199    8.50405627015323    0    0    0    0    0    0    0    
200    9.843943365401616    0    0    0    0    0    0    0    
201    9.20848878688528    0    0    0    0    0    0    0    
202    9.263020116141087    0    0    0    0    0    0    0    
203    8.622097186145455    0    0    0    0    0    0    0    
204    9.48821949905931    0    0    0    0    0    0    0    
205    8.509552579396152    0    0    0    0    0    0    0    
206    8.437250864912471    0    0    0    0    0    0    0    
207    8.464312564335543    0    0    0    0    0    0    0    
208    9.46558938497606    0    0    0    0    0    0    0    
209    9.42286951038458    0    0    0    0    0    0    0    
210    9.380477044203278    0    0    0    0    0    0    0    
211    9.190404161388344    0    0    0    0    0    0    0    
212    8.879859113479721    0    0    0    0    0    0    0    
213    9.868857379246233    0    0    0    0    0    0    0    
214    8.697890220503558    0    0    0    0    0    0    0    
215    9.070847923699123    0    0    0    0    0    0    0    
216    9.53097366506175    0    0    0    0    0    0    0    
217    8.873392195243659    0    0    0    0    0    0    0    
218    9.151924355417222    0    0    0    0    0    0    0    
219    8.614950400145903    0    0    0    0    0    0    0    
220    8.0120072721373    0    0    0    0    0    0    0    
221    8.936987496553607    0    0    0    0    0    0    0    
222    9.600257665420417    0    0    0    0    0    0    0    
223    9.292365122935689    0    0    0    0    0    0    0    
224    9.081067336069191    0    0    0    0    0    0    0    
225    8.849380527809462    0    0    0    0    0    0    0    
226    8.838983892644135    0    0    0    0    0    0    0    
227    8.31896057995147    0    0    0    0    0    0    0    
228    8.63616044135106    0    0    0    0    0    0    0    
229    9.715849070608153    0    0    0    0    0    0    0    
230    9.135224744390735    0    0    0    0    0    0    0    
231    9.36506714067192    0    0    0    0    0    0    0    
232    8.821330041133985    0    0    0    0    0    0    0    
233    8.236116829856632    0    0    0    0    0    0    0    
234    9.031084628694812    0    0    0    0    0    0    0    
235    8.68771178997331    0    0    0    0    0    0    0    
236    9.115178907636743    0    0    0    0    0    0    0    
237    8.542612422019085    0    0    0    0    0    0    0    
238    8.631485113898405    0    0    0    0    0    0    0    
239    10.055713731301292    0    0    0    0    0    0    0    
240    9.596513142632183    0    0    0    0    0    0    0    
241    8.908476186075934    0    0    0    0    0    0    0    
242    8.922578697575254    0    0    0    0    0    0    0    
243    8.447742426159104    0    0    0    0    0    0    0    
244    9.20422588863284    0    0    0    0    0    0    0    
245    9.461703637938612    0    0    0    0    0    0    0    
246    8.999734343902821    0    0    0    0    0    0    0    
247    8.633909691993665    0    0    0    0    0    0    0    
248    8.296151352670021    0    0    0    0    0    0    0    
249    8.690439072537817    0    0    0    0    0    0    0    
250    9.06275475824336    0    0    0    0    0    0    0    
251    8.386525478736235    0    0    0    0    0    0    0    
252    7.673686651870369    0    0    0    0    0    0    0    
253    9.770924641213153    0    0    0    0    0    0    0    
254    9.16327459257051    0    0    0    0    0    0    0    
255    9.18821148084995    0    0    0    0    0    0    0    
256    8.040766566485951    0    0    0    0    0    0    0    
257    8.604493559108347    0    0    0    0    0    0    0    
258    9.222317227621643    0    0    0    0    0    0    0    
259    9.651030225459296    0    0    0    0    0    0    0    
260    9.741168686178185    0    0    0    0    0    0    0    
261    9.32008517096211    0    0    0    0    0    0    0    
262    9.130156154100375    0    0    0    0    0    0    0    
263    9.278121650177745    0    0    0    0    0    0    0    
264    8.906666554050652    0    0    0    0    0    0    0    
265    8.284251773756443    0    0    0    0    0    0    0    
266    9.757422826382063    0    0    0    0    0    0    0    
267    9.52923455069852    0    0    0    0    0    0    0    
268    9.211959623878146    0    0    0    0    0    0    0    
269    9.8352590967766    0    0    0    0    0    0    0    
270    8.244246190417456    0    0    0    0    0    0    0    
271    9.558828144871349    0    0    0    0    0    0    0    
272    8.117318660970044    0    0    0    0    0    0    0    
273    7.827834510085417    0    0    0    0    0    0    0    
274    8.645077504212498    0    0    0    0    0    0    0    
275    9.038500599116098    0    0    0    0    0    0    0    
276    9.00425549498867    0    0    0    0    0    0    0    
277    7.9807305283680146    0    0    0    0    0    0    0    
278    7.6073494506710935    0    0    0    0    0    0    0    
279    9.415213575648144    0    0    0    0    0    0    0    
280    8.569795612108944    0    0    0    0    0    0    0    
281    9.470471723260601    0    0    0    0    0    0    0    
282    8.995535682636294    0    0    0    0    0    0    0    
283    8.385942338156195    0    0    0    0    0    0    0    
284    9.514251432860686    0    0    0    0    0    0    0    
285    8.623059693176652    0    0    0    0    0    0    0    
286    8.444887764618338    0    0    0    0    0    0    0    
287    9.388391031814072    0    0    0    0    0    0    0    
288    8.67295459610902    0    0    0    0    0    0    0    
289    9.908879451983594    0    0    0    0    0    0    0    
290    10.083127676812046    0    0    0    0    0    0    0    
291    8.494341941086217    0    0    0    0    0    0    0    
292    8.266775677815035    0    0    0    0    0    0    0    
293    9.823691892327489    0    0    0    0    0    0    0    
294    9.455617342587312    0    0    0    0    0    0    0    
295    9.098484993891848    0    0    0    0    0    0    0    
296    8.919380192762267    0    0    0    0    0    0    0    
297    9.048243199562235    0    0    0    0    0    0    0    
298    8.647866886627796    0    0    0    0    0    0    0    
299    9.51021667700782    0    0    0    0    0    0    0    
300    8.889648003575356    0    0    0    0    0    0    0    
301    9.635420151444837    0    0    0    0    0    0    0    
302    8.39598510459643    0    0    0    0    0    0    0    
303    8.243128842921998    0    0    0    0    0    0    0    
304    8.846112456765589    0    0    0    0    0    0    0    
305    9.038130550350512    0    0    0    0    0    0    0    
306    9.129260268018568    0    0    0    0    0    0    0    
307    8.61685433318107    0    0    0    0    0    0    0    
308    10.102692834941411    0    0    0    0    0    0    0    
309    9.344534995387944    0    0    0    0    0    0    0    
310    9.341886303326167    0    0    0    0    0    0    0    
311    9.37708021805601    0    0    0    0    0    0    0    
312    9.501839275372747    0    0    0    0    0    0    0    
313    9.442178087461146    0    0    0    0    0    0    0    
314    8.84617534256909    0    0    0    0    0    0    0    
315    8.466548712834784    0    0    0    0    0    0    0    
316    8.346252358280774    0    0    0    0    0    0    0    
317    9.466563084864445    0    0    0    0    0    0    0    
318    9.510742271116417    0    0    0    0    0    0    0    
319    9.445883031273786    0    0    0    0    0    0    0    
320    9.900052071050325    0    0    0    0    0    0    0    
321    8.913254758620695    0    0    0    0    0    0    0    
322    9.453102343907572    0    0    0    0    0    0    0    
323    8.810768869943105    0    0    0    0    0    0    0    
324    9.190003501809878    0    0    0    0    0    0    0    
325    8.045940086456739    0    0    0    0    0    0    0    
326    8.628621309553392    0    0    0    0    0    0    0    
327    8.410276343290395    0    0    0    0    0    0    0    
328    8.066643174726101    0    0    0    0    0    0    0    
329    8.570975099595252    0    0    0    0    0    0    0    
330    8.637133849059433    0    0    0    0    0    0    0    
331    8.690707145213022    0    0    0    0    0    0    0    
332    9.223259221117646    0    0    0    0    0    0    0    
333    9.09787893412555    0    0    0    0    0    0    0    
334    8.800538032390753    0    0    0    0    0    0    0    
335    10.041555884834885    0    0    0    0    0    0    0    
336    8.84396118032342    0    0    0    0    0    0    0    
337    9.248848077187093    0    0    0    0    0    0    0    
338    9.499782022895033    0    0    0    0    0    0    0    
339    9.051900249777946    0    0    0    0    0    0    0    
340    10.204932032765452    0    0    0    0    0    0    0    
341    8.67043240129863    0    0    0    0    0    0    0    
342    8.668990746695517    0    0    0    0    0    0    0    
343    8.627794090863102    0    0    0    0    0    0    0    
344    9.027239734000919    0    0    0    0    0    0    0    
345    8.756264294468247    0    0    0    0    0    0    0    
346    9.07371572500053    0    0    0    0    0    0    0    
347    8.973495989461474    0    0    0    0    0    0    0    
348    8.997001052640886    0    0    0    0    0    0    0    
349    8.65774473116466    0    0    0    0    0    0    0    
350    9.369081231625824    0    0    0    0    0    0    0    
351    8.896647371609696    0    0    0    0    0    0    0    
352    9.000536183724607    0    0    0    0    0    0    0    
353    8.896553902425715    0    0    0    0    0    0    0    
354    9.756552867514223    0    0    0    0    0    0    0    
355    9.11081019612795    0    0    0    0    0    0    0    
356    9.115019571438634    0    0    0    0    0    0    0    
357    9.42777121205499    0    0    0    0    0    0    0    
358    8.962223381958296    0    0    0    0    0    0    0    
359    8.524855582508447    0    0    0    0    0    0    0    
360    8.428743456541477    0    0    0    0    0    0    0    
361    9.426698308963696    0    0    0    0    0    0    0    
362    9.573035630532967    0    0    0    0    0    0    0    
363    9.07993384975634    0    0    0    0    0    0    0    
364    9.630542671977423    0    0    0    0    0    0    0    
365    9.379571849261417    0    0    0    0    0    0    0    
366    9.735588557841822    0    0    0    0    0    0    0    
367    9.817241583608054    0    0    0    0    0    0    0    
368    8.825669178172637    0    0    0    0    0    0    0    
369    8.439747765019327    0    0    0    0    0    0    0    
370    8.99265198852664    0    0    0    0    0    0    0    
371    9.078100908987384    0    0    0    0    0    0    0    
372    8.762094234438203    0    0    0    0    0    0    0    
373    9.550270030584361    0    0    0    0    0    0    0    
374    8.72139301005686    0    0    0    0    0    0    0    
375    9.248397623725078    0    0    0    0    0    0    0    
376    8.82491028095491    0    0    0    0    0    0    0    
377    8.839427151009719    0    0    0    0    0    0    0    
378    9.639278042621614    0    0    0    0    0    0    0    
379    9.364759514822957    0    0    0    0    0    0    0    
380    8.924800247449102    0    0    0    0    0    0    0    
381    9.640283455763576    0    0    0    0    0    0    0    
382    9.028941749916978    0    0    0    0    0    0    0    
383    8.863966197330143    0    0    0    0    0    0    0    
384    9.27962008727253    0    0    0    0    0    0    0    
385    9.757939880264303    0    0    0    0    0    0    0    
386    9.50404447780825    0    0    0    0    0    0    0    
387    8.627842930612623    0    0    0    0    0    0    0    
388    9.065390695697786    0    0    0    0    0    0    0    
389    8.426157762833142    0    0    0    0    0    0    0    
390    9.4746796207301    0    0    0    0    0    0    0    
391    9.194355378160832    0    0    0    0    0    0    0    
392    9.76330863142205    0    0    0    0    0    0    0    
393    9.23361555424199    0    0    0    0    0    0    0    
394    9.012930558449508    0    0    0    0    0    0    0    
395    8.376870234225812    0    0    0    0    0    0    0    
396    9.007068752024121    0    0    0    0    0    0    0    
397    9.651477562632707    0    0    0    0    0    0    0    
398    9.435612682314288    0    0    0    0    0    0    0    
399    9.114495550587964    0    0    0    0    0    0    0    
400    9.319317572378777    0    0    0    0    0    0    0    
401    8.419466349385077    0    0    0    0    0    0    0    
402    8.167584182711138    0    0    0    0    0    0    0    
403    9.596719225430332    0    0    0    0    0    0    0    
404    9.033154322470638    0    0    0    0    0    0    0    
405    8.344860825553354    0    0    0    0    0    0    0    
406    10.368821904458628    0    0    0    0    0    0    0    
407    9.502893800922555    0    0    0    0    0    0    0    
408    9.055128211695552    0    0    0    0    0    0    0    
409    9.900260123700809    0    0    0    0    0    0    0    
410    8.756003432792427    0    0    0    0    0    0    0    
411    9.35404226887378    0    0    0    0    0    0    0    
412    8.68112856521003    0    0    0    0    0    0    0    
413    8.781331583325247    0    0    0    0    0    0    0    
414    9.149973944215013    0    0    0    0    0    0    0    
415    9.697993876461224    0    0    0    0    0    0    0    
416    8.78560027986492    0    0    0    0    0    0    0    
417    8.265213995055467    0    0    0    0    0    0    0    
418    9.49092519165777    0    0    0    0    0    0    0    
419    9.44647664661484    0    0    0    0    0    0    0    
420    9.040850140185153    0    0    0    0    0    0    0    
421    9.09858185414824    0    0    0    0    0    0    0    
422    8.605945080244934    0    0    0    0    0    0    0    
423    9.461897430946264    0    0    0    0    0    0    0    
424    9.326858962499943    0    0    0    0    0    0    0    
425    8.411765403069868    0    0    0    0    0    0    0    
426    9.16303363192378    0    0    0    0    0    0    0    
427    9.391942866124417    0    0    0    0    0    0    0    
428    9.225768656551473    0    0    0    0    0    0    0    
429    8.949504232857596    0    0    0    0    0    0    0    
430    9.273004941400039    0    0    0    0    0    0    0    
431    8.458089916551438    0    0    0    0    0    0    0    
432    9.324356968985812    0    0    0    0    0    0    0    
433    9.211417431243893    0    0    0    0    0    0    0    
434    9.818613249746049    0    0    0    0    0    0    0    
435    9.205122581365055    0    0    0    0    0    0    0    
436    9.04822935512882    0    0    0    0    0    0    0    
437    10.179594220451413    0    0    0    0    0    0    0    
438    8.633136986012111    0    0    0    0    0    0    0    
439    8.523568430197045    0    0    0    0    0    0    0    
440    9.767043316955137    0    0    0    0    0    0    0    
441    8.851959129061976    0    0    0    0    0    0    0    
442    9.012130621903818    0    0    0    0    0    0    0    
443    8.67646137707717    0    0    0    0    0    0    0    
444    9.641294081197659    0    0    0    0    0    0    0    
445    8.80110465099554    0    0    0    0    0    0    0    
446    9.292725103397117    0    0    0    0    0    0    0    
447    9.251698717511276    0    0    0    0    0    0    0    
448    9.806137680664376    0    0    0    0    0    0    0    
449    8.42286835721643    0    0    0    0    0    0    0    
450    9.06430965699096    0    0    0    0    0    0    0    
451    9.152326689222969    0    0    0    0    0    0    0    
452    9.26287673692257    0    0    0    0    0    0    0    
453    9.126324055218548    0    0    0    0    0    0    0    
454    9.147565210952148    0    0    0    0    0    0    0    
455    8.87867069511755    0    0    0    0    0    0    0    
456    8.765771561853677    0    0    0    0    0    0    0    
457    9.070968643703521    0    0    0    0    0    0    0    
458    8.951177713424865    0    0    0    0    0    0    0    
459    9.318938208467717    0    0    0    0    0    0    0    
460    8.05412647551304    0    0    0    0    0    0    0    
461    9.74453089090715    0    0    0    0    0    0    0    
462    8.900049008082997    0    0    0    0    0    0    0    
463    8.265649428785165    0    0    0    0    0    0    0    
464    9.707635043903423    0    0    0    0    0    0    0    
465    9.07182864575413    0    0    0    0    0    0    0    
466    8.514809070372454    0    0    0    0    0    0    0    
467    9.542151181755612    0    0    0    0    0    0    0    
468    8.182970013847674    0    0    0    0    0    0    0    
469    8.41788750277507    0    0    0    0    0    0    0    
470    8.97325826459867    0    0    0    0    0    0    0    
471    8.968865477486014    0    0    0    0    0    0    0    
472    9.94520859087198    0    0    0    0    0    0    0    
473    9.616088048087708    0    0    0    0    0    0    0    
474    8.297036581318856    0    0    0    0    0    0    0    
475    8.787986403783872    0    0    0    0    0    0    0    
476    8.788732097082002    0    0    0    0    0    0    0    
477    8.285733756051435    0    0    0    0    0    0    0    
478    8.714168315010433    0    0    0    0    0    0    0    
479    8.549828273634954    0    0    0    0    0    0    0    
480    9.367863102039495    0    0    0    0    0    0    0    
481    8.983860680042332    0    0    0    0    0    0    0    
482    9.395038757934245    0    0    0    0    0    0    0    
483    9.077809934234658    0    0    0    0    0    0    0    
484    8.920328550639995    0    0    0    0    0    0    0    
485    8.59336796038004    0    0    0    0    0    0    0    
486    9.365302830701246    0    0    0    0    0    0    0    
487    9.204946613487248    0    0    0    0    0    0    0    
488    8.87314614946019    0    0    0    0    0    0    0    
489    8.701001993252126    0    0    0    0    0    0    0    
490    8.69013060998028    0    0    0    0    0    0    0    
491    9.641187547195637    0    0    0    0    0    0    0    
492    10.021302661510784    0    0    0    0    0    0    0    
493    8.510934632035816    0    0    0    0    0    0    0    
494    9.848168991843378    0    0    0    0    0    0    0    
495    10.098085283674658    0    0    0    0    0    0    0    
496    9.221889232578338    0    0    0    0    0    0    0    
497    9.54308359906424    0    0    0    0    0    0    0    
498    9.260214538115616    0    0    0    0    0    0    0    
499    8.475328139638995    0    0    0    0    0    0    0    
500    9.713588538059586    0    0    0    0    0    0    0    
501    8.026332875825865    0    0    0    0    0    0    0    
502    9.437512953360635    0    0    0    0    0    0    0    
503    8.84454799203049    0    0    0    0    0    0    0    
504    9.316720954169744    0    0    0    0    0    0    0    
505    8.848048459284055    0    0    0    0    0    0    0    
506    8.9193573316375    0    0    0    0    0    0    0    
507    9.325095150467032    0    0    0    0    0    0    0    
508    8.326756886236046    0    0    0    0    0    0    0    
509    9.01680097771928    0    0    0    0    0    0    0    
510    8.289470383682229    0    0    0    0    0    0    0    
511    9.068540015055731    0    0    0    0    0    0    0    
512    9.236914714288217    0    0    0    0    0    0    0    
513    9.865316970335586    0    0    0    0    0    0    0    
514    7.555006212144875    0    0    0    0    0    0    0    
515    8.64830405638953    0    0    0    0    0    0    0    
516    9.491961628854844    0    0    0    0    0    0    0    
517    9.332635356714675    0    0    0    0    0    0    0    
518    9.828212648895201    0    0    0    0    0    0    0    
519    8.374386419987754    0    0    0    0    0    0    0    
520    8.484754815934606    0    0    0    0    0    0    0    
521    8.402866841871461    0    0    0    0    0    0    0    
522    9.206261008675057    0    0    0    0    0    0    0    
523    8.552581928867168    0    0    0    0    0    0    0    
524    8.843279102558935    0    0    0    0    0    0    0    
525    9.327276527564962    0    0    0    0    0    0    0    
526    9.26723054758707    0    0    0    0    0    0    0    
527    8.176464382558718    0    0    0    0    0    0    0    
528    8.926825405670385    0    0    0    0    0    0    0    
529    10.267653568082634    0    0    0    0    0    0    0    
530    8.29308473090477    0    0    0    0    0    0    0    
531    8.474234232959343    0    0    0    0    0    0    0    
532    9.368746149280195    0    0    0    0    0    0    0    
533    9.269463915076715    0    0    0    0    0    0    0    
534    9.461007788616708    0    0    0    0    0    0    0    
535    10.285710847254594    0    0    0    0    0    0    0    
536    8.661811627903353    0    0    0    0    0    0    0    
537    8.782853298966446    0    0    0    0    0    0    0    
538    8.119228703609474    0    0    0    0    0    0    0    
539    8.644685002287876    0    0    0    0    0    0    0    
540    9.205802919031614    0    0    0    0    0    0    0    
541    9.089607555787133    0    0    0    0    0    0    0    
542    8.522449342662785    0    0    0    0    0    0    0    
543    9.307734628768884    0    0    0    0    0    0    0    
544    8.796125458393126    0    0    0    0    0    0    0    
545    8.995635412301679    0    0    0    0    0    0    0    
546    9.307595975510987    0    0    0    0    0    0    0    
547    9.113906232808642    0    0    0    0    0    0    0    
548    9.231216342560064    0    0    0    0    0    0    0    
549    9.157735455693212    0    0    0    0    0    0    0    
550    8.324517659879284    0    0    0    0    0    0    0    
551    9.22442566510102    0    0    0    0    0    0    0    
552    8.616947418338336    0    0    0    0    0    0    0    
553    9.115722952949078    0    0    0    0    0    0    0    
554    8.65273022715503    0    0    0    0    0    0    0    
555    9.08171815997247    0    0    0    0    0    0    0    
556    8.341073126659012    0    0    0    0    0    0    0    
557    9.116702236076996    0    0    0    0    0    0    0    
558    8.619124009797247    0    0    0    0    0    0    0    
559    9.153596884930579    0    0    0    0    0    0    0    
560    8.635865064631373    0    0    0    0    0    0    0    
561    9.20216541448249    0    0    0    0    0    0    0    
562    9.469032485190588    0    0    0    0    0    0    0    
563    9.012996677682212    0    0    0    0    0    0    0    
564    7.751785950519809    0    0    0    0    0    0    0    
565    8.41271024222702    0    0    0    0    0    0    0    
566    9.092911607203442    0    0    0    0    0    0    0    
567    8.435340408678037    0    0    0    0    0    0    0    
568    8.644552669374784    0    0    0    0    0    0    0    
569    8.881028922292534    0    0    0    0    0    0    0    
570    8.877540475684393    0    0    0    0    0    0    0    
571    9.000916595027938    0    0    0    0    0    0    0    
572    8.906298878506739    0    0    0    0    0    0    0    
573    8.710443597447679    0    0    0    0    0    0    0    
574    8.164799761788654    0    0    0    0    0    0    0    
575    8.144137536090613    0    0    0    0    0    0    0    
576    8.524570094593232    0    0    0    0    0    0    0    
577    8.490249881234668    0    0    0    0    0    0    0    
578    8.192386670937546    0    0    0    0    0    0    0    
579    8.946754244597594    0    0    0    0    0    0    0    
580    8.832355149081204    0    0    0    0    0    0    0    
581    8.606129272862935    0    0    0    0    0    0    0    
582    8.741926634786138    0    0    0    0    0    0    0    
583    8.677718652980033    0    0    0    0    0    0    0    
584    9.176092737737315    0    0    0    0    0    0    0    
585    8.939398891420636    0    0    0    0    0    0    0    
586    7.752945605500031    0    0    0    0    0    0    0    
587    9.576577734412691    0    0    0    0    0    0    0    
588    8.822175959744069    0    0    0    0    0    0    0    
589    9.54696880114471    0    0    0    0    0    0    0    
590    9.289086379550076    0    0    0    0    0    0    0    
591    9.064729838536177    0    0    0    0    0    0    0    
592    9.72880759607208    0    0    0    0    0    0    0    
593    9.2305851313252    0    0    0    0    0    0    0    
594    9.643339922711625    0    0    0    0    0    0    0    
595    9.045441710916212    0    0    0    0    0    0    0    
596    8.64120917516569    0    0    0    0    0    0    0    
597    9.791264230110322    0    0    0    0    0    0    0    
598    8.764224017675875    0    0    0    0    0    0    0    
599    8.758033194977495    0    0    0    0    0    0    0    
600    8.405761107184604    0    0    0    0    0    0    0    
601    8.727757974924677    0    0    0    0    0    0    0    
602    8.222808265563073    0    0    0    0    0    0    0    
603    9.74291433453583    0    0    0    0    0    0    0    
604    8.516094395533436    0    0    0    0    0    0    0    
605    8.83722814468366    0    0    0    0    0    0    0    
606    8.82636744284361    0    0    0    0    0    0    0    
607    8.156907368913869    0    0    0    0    0    0    0    
608    8.373365498247642    0    0    0    0    0    0    0    
609    8.777025063214666    0    0    0    0    0    0    0    
610    8.960207228015058    0    0    0    0    0    0    0    
611    9.193199854752342    0    0    0    0    0    0    0    
612    8.404853420390138    0    0    0    0    0    0    0    
613    9.026728228207915    0    0    0    0    0    0    0    
614    9.379034026442845    0    0    0    0    0    0    0    
615    8.757410558623452    0    0    0    0    0    0    0    
616    9.829124018686297    0    0    0    0    0    0    0    
617    9.058990836759335    0    0    0    0    0    0    0    
618    9.051405831068495    0    0    0    0    0    0    0    
619    9.293660619224022    0    0    0    0    0    0    0    
620    8.67852173539218    0    0    0    0    0    0    0    
621    9.52731734635584    0    0    0    0    0    0    0    
622    8.22662906663075    0    0    0    0    0    0    0    
623    8.924018207035068    0    0    0    0    0    0    0    
624    9.706753738860806    0    0    0    0    0    0    0    
625    8.638015708061303    0    0    0    0    0    0    0    
626    8.896816128625805    0    0    0    0    0    0    0    
627    8.681145495442788    0    0    0    0    0    0    0    
628    9.031656893466547    0    0    0    0    0    0    0    
629    9.192752956983718    0    0    0    0    0    0    0    
630    9.719325418587099    0    0    0    0    0    0    0    
631    9.005392589974486    0    0    0    0    0    0    0    
632    9.153277341539741    0    0    0    0    0    0    0    
633    8.400462081691884    0    0    0    0    0    0    0    
634    9.20271062089662    0    0    0    0    0    0    0    
635    9.102140578975957    0    0    0    0    0    0    0    
636    9.054604373356376    0    0    0    0    0    0    0    
637    9.42139354456319    0    0    0    0    0    0    0    
638    9.788831490468693    0    0    0    0    0    0    0    
639    9.434722328210297    0    0    0    0    0    0    0    
640    8.872229294136371    0    0    0    0    0    0    0    
641    8.984590796125405    0    0    0    0    0    0    0    
642    8.887720266352908    0    0    0    0    0    0    0    
643    8.879797843631172    0    0    0    0    0    0    0    
644    9.709673050351405    0    0    0    0    0    0    0    
645    8.752696806307807    0    0    0    0    0    0    0    
646    7.9323251246924755    0    0    0    0    0    0    0    
647    8.639774786422958    0    0    0    0    0    0    0    
648    8.845134331427863    0    0    0    0    0    0    0    
649    8.651025676982282    0    0    0    0    0    0    0    
650    8.742571178890906    0    0    0    0    0    0    0    
651    9.443375838292134    0    0    0    0    0    0    0    
652    8.313279103977912    0    0    0    0    0    0    0    
653    9.01076976280673    0    0    0    0    0    0    0    
654    9.550635454402205    0    0    0    0    0    0    0    
655    8.73396311688532    0    0    0    0    0    0    0    
656    9.301910175363354    0    0    0    0    0    0    0    
657    8.464545471818724    0    0    0    0    0    0    0    
658    9.52412331988043    0    0    0    0    0    0    0    
659    9.778425317772065    0    0    0    0    0    0    0    